5.971203907357847118e-02 5.956928304427067111e-02 5.765433510205220102e-02 5.897827603826633069e-02 5.723682384251271849e-02 4.877086554169296484e-02 4.191053532204713772e-02 2.984790463085673640e-02 2.503518142789168399e-02 3.128626448660576376e-02 3.865234919815480064e-02
6.038114267741756525e-02 6.073112888391385411e-02 5.985314184055012809e-02 5.778960896300866512e-02 5.435251086628367645e-02 4.951633593955606649e-02 4.347014966153317506e-02 3.739892879321704555e-02 3.431285203720019217e-02 3.708391375476827179e-02 4.538386120423348880e-02
6.153636084156799413e-02 6.285491059240067013e-02 6.093089156444753129e-02 5.749433975025997068e-02 5.324021708830384281e-02 4.842885634010052343e-02 4.296960696427465365e-02 3.797039363995041716e-02 3.510269010018174374e-02 3.708624228936313605e-02 5.108041084765224671e-02
6.818175691670713690e-02 6.473622203668960573e-02 6.076906620714872531e-02 5.624675802148348946e-02 5.122840395680355874e-02 4.578591752690641670e-02 4.000210193583747520e-02 3.450109439543158629e-02 3.033857620545488132e-02 2.894152618888456985e-02 0.000000000000000000e+00
7.048987634905412580e-02 6.388817026347037853e-02 5.868868900888279949e-02 5.347227302438567476e-02 4.783239489619012241e-02 4.172785879947149557e-02 3.522244125144630145e-02 2.848752991071845653e-02 2.147122219778152541e-02 1.282740237745333411e-02 0.000000000000000000e+00
6.128901191619506861e-02 5.888568371009839097e-02 5.444280897406661435e-02 4.927081787954806780e-02 4.336475666237910032e-02 3.684644165856365561e-02 2.986969595492472429e-02 2.251044207871222280e-02 1.472879132631044197e-02 6.578007169243949015e-03 0.000000000000000000e+00
5.127770745284909726e-02 5.089634370821338738e-02 4.848273784900292149e-02 4.416841735461884966e-02 3.833199160159517227e-02 3.170549341700729107e-02 2.476471807329139185e-02 1.768358754266585731e-02 1.068837953235529659e-02 4.440634738722581965e-03 0.000000000000000000e+00
3.506130444243021893e-02 4.232622515104111915e-02 4.254207623414074657e-02 3.914655651586940177e-02 3.311291397990395735e-02 2.645475501262173346e-02 2.005099089608075591e-02 1.394018981467692875e-02 8.358487893216248743e-03 5.618717560835956304e-03 4.721328957558834638e-03
2.733341422509499852e-02 3.689760725678026265e-02 3.827895860359065150e-02 3.511453491786448167e-02 2.731353425224730680e-02 2.048516519674070668e-02 1.527900265893583631e-02 1.088143081144637980e-02 5.765271817668449206e-03 3.167367692743117136e-03 5.967393939449894269e-03
3.058431371922537556e-02 3.653067496082273991e-02 3.739764677062029641e-02 3.272859549075590735e-02 1.829448102520764285e-02 1.217831136423269678e-02 9.337145442664118722e-03 9.087058359457972356e-03 3.701379645907665328e-03 1.232100688746767814e-03 2.208977237234177604e-03
3.476138765593883573e-02 4.109428943879961382e-02 4.653899672436334622e-02 0.000000000000000000e+00 0.000000000000000000e+00 0.000000000000000000e+00 0.000000000000000000e+00 4.748221424246579225e-03 2.172441434402816451e-03 1.505111880500009658e-03 1.784448112502723394e-03
