5.098594427108764648e-01
5.102193355560302734e-01
5.162490010261535645e-01
5.442407131195068359e-01
5.692431330680847168e-01
5.621035099029541016e-01
5.316298007965087891e-01
4.690828621387481689e-01
4.019826948642730713e-01
3.605193793773651123e-01
3.413856327533721924e-01
5.095103383064270020e-01
5.077747702598571777e-01
5.073959827423095703e-01
5.120294094085693359e-01
5.125817656517028809e-01
4.983502924442291260e-01
4.690896570682525635e-01
4.258564412593841553e-01
3.797774910926818848e-01
3.432741761207580566e-01
3.226384520530700684e-01
5.127156972885131836e-01
5.045622587203979492e-01
4.937992691993713379e-01
4.839299917221069336e-01
4.715218245983123779e-01
4.520029425621032715e-01
4.240586161613464355e-01
3.884922564029693604e-01
3.491413593292236328e-01
3.103511333465576172e-01
2.782172858715057373e-01
5.355803966522216797e-01
5.052518248558044434e-01
4.806725680828094482e-01
4.598274827003479004e-01
4.394546747207641602e-01
4.164475798606872559e-01
3.890631198883056641e-01
3.565915822982788086e-01
3.185305893421173096e-01
2.714449763298034668e-01
2.000000000000000111e-01
5.568193793296813965e-01
5.031858086585998535e-01
4.660857915878295898e-01
4.372194707393646240e-01
4.119212031364440918e-01
3.870608210563659668e-01
3.605409562587738037e-01
3.308155536651611328e-01
2.962335646152496338e-01
2.540338635444641113e-01
2.000000000000000111e-01
5.505849719047546387e-01
4.892620146274566650e-01
4.460996985435485840e-01
4.130454063415527344e-01
3.854835629463195801e-01
3.604318797588348389e-01
3.357027471065521240e-01
3.094306886196136475e-01
2.796342670917510986e-01
2.439169883728027344e-01
2.000000000000000111e-01
5.233010649681091309e-01
4.621398150920867920e-01
4.188305139541625977e-01
3.851093947887420654e-01
3.575952649116516113e-01
3.339616358280181885e-01
3.122048676013946533e-01
2.904202044010162354e-01
2.664160728454589844e-01
2.372765541076660156e-01
2.000000000000000111e-01
4.648730456829071045e-01
4.215632975101470947e-01
3.843500912189483643e-01
3.522814512252807617e-01
3.264652490615844727e-01
3.056832253932952881e-01
2.881510257720947266e-01
2.721550762653350830e-01
2.555501759052276611e-01
2.340999394655227661e-01
2.000000000000000111e-01
4.003813862800598145e-01
3.777736127376556396e-01
3.464098572731018066e-01
3.141511976718902588e-01
2.907414734363555908e-01
2.741389572620391846e-01
2.619875073432922363e-01
2.530937492847442627e-01
2.467634677886962891e-01
2.384042143821716309e-01
2.296104282140731812e-01
3.616944551467895508e-01
3.442452549934387207e-01
3.103860020637512207e-01
2.680525779724121094e-01
2.488941103219985962e-01
2.385322451591491699e-01
2.325252890586853027e-01
2.307073175907135010e-01
2.378696650266647339e-01
2.392805665731430054e-01
2.371345162391662598e-01
3.456633687019348145e-01
3.272680044174194336e-01
2.830227017402648926e-01
2.000000000000000111e-01
2.000000000000000111e-01
2.000000000000000111e-01
2.000000000000000111e-01
2.000000000000000111e-01
2.333835959434509277e-01
2.408360689878463745e-01
2.413588315248489380e-01
