# PinID MaterialLabel NodeList
0 896 900 904 911 912 916 920 924 837 838 839 840 847 848 855 856 863 864 871 872 876 880 884 891 892
1 1923 1924 1931 1932 1936 1940 1944 1951 1952 1956 1960 1964 1971 1972 1976 1980 1984 1897 1898 1899 1900 1907 1908 1915 1916
2 2957 2958 2959 2960 2967 2968 2975 2976 2983 2984 2991 2992 2996 3000 3004 3011 3012 3016 3020 3024 3031 3032 3036 3040 3044
3 4224 4231 4232 4236 4240 4244 4251 4252 4256 4260 4264 4271 4272 4276 4280 4284 4197 4198 4199 4200 4207 4208 4215 4216 4223
4 5257 5258 5259 5260 5267 5268 5275 5276 5283 5284 5291 5292 5296 5300 5304 5311 5312 5316 5320 5324 5331 5332 5336 5340 5344
5 7680 7687 7688 7692 7696 7700 7613 7614 7615 7616 7623 7624 7631 7632 7639 7640 7647 7648 7652 7656 7660 7667 7668 7672 7676
6 8601 8602 8603 8604 8611 8612 8619 8620 8627 8628 8635 8636 8640 8644 8648 8655 8656 8660 8664 8668 8675 8676 8680 8684 8688
7 9600 9607 9608 9615 9616 9623 9624 9628 9632 9636 9643 9644 9648 9652 9656 9663 9664 9668 9672 9676 9589 9590 9591 9592 9599
8 10755 10756 10760 10764 10768 10775 10776 10780 10784 10788 10795 10796 10800 10804 10808 10721 10722 10723 10724 10731 10732 10739 10740 10747 10748
9 11776 11783 11784 11788 11792 11796 11709 11710 11711 11712 11719 11720 11727 11728 11735 11736 11743 11744 11748 11752 11756 11763 11764 11768 11772
10 14083 14084 14091 14092 14099 14100 14104 14108 14112 14119 14120 14124 14128 14132 14139 14140 14144 14148 14152 14065 14066 14067 14068 14075 14076
11 15107 15108 15112 15116 15120 15127 15128 15132 15136 15140 15053 15054 15055 15056 15063 15064 15071 15072 15079 15080 15087 15088 15092 15096 15100
12 16128 16041 16042 16043 16044 16051 16052 16059 16060 16067 16068 16075 16076 16080 16084 16088 16095 16096 16100 16104 16108 16115 16116 16120 16124
13 17173 17174 17175 17176 17183 17184 17191 17192 17199 17200 17207 17208 17212 17216 17220 17227 17228 17232 17236 17240 17247 17248 17252 17256 17260
14 18179 18180 18187 18188 18195 18196 18200 18204 18208 18215 18216 18220 18224 18228 18235 18236 18240 18244 18248 18161 18162 18163 18164 18171 18172
15 22019 22020 22027 22028 22032 22036 22040 22047 22048 22052 22056 22060 22067 22068 22072 22076 22080 21993 21994 21995 21996 22003 22004 22011 22012
16 23040 23044 23048 23055 23056 23060 23064 23068 22981 22982 22983 22984 22991 22992 22999 23000 23007 23008 23015 23016 23020 23024 23028 23035 23036
17 23969 23970 23971 23972 23979 23980 23987 23988 23995 23996 24003 24004 24008 24012 24016 24023 24024 24028 24032 24036 24043 24044 24048 24052 24056
18 25101 25102 25103 25104 25111 25112 25119 25120 25127 25128 25135 25136 25140 25144 25148 25155 25156 25160 25164 25168 25175 25176 25180 25184 25188
19 26115 26116 26123 26124 26128 26132 26136 26143 26144 26148 26152 26156 26163 26164 26168 26172 26176 26089 26090 26091 26092 26099 26100 26107 26108
20 28445 28446 28447 28448 28455 28456 28463 28464 28471 28472 28479 28480 28484 28488 28492 28499 28500 28504 28508 28512 28519 28520 28524 28528 28532
21 29443 29444 29451 29452 29459 29460 29467 29468 29472 29476 29480 29487 29488 29492 29496 29500 29507 29508 29512 29516 29520 29433 29434 29435 29436
22 30464 30468 30475 30476 30480 30484 30488 30495 30496 30500 30504 30508 30421 30422 30423 30424 30431 30432 30439 30440 30447 30448 30455 30456 30460
23 31616 31620 31627 31628 31632 31636 31640 31553 31554 31555 31556 31563 31564 31571 31572 31579 31580 31587 31588 31592 31596 31600 31607 31608 31612
24 32541 32542 32543 32544 32551 32552 32559 32560 32567 32568 32575 32576 32580 32584 32588 32595 32596 32600 32604 32608 32615 32616 32620 32624 32628
