# PinID MaterialLabel NodeList
0 36 37 38 39
1 76 77 78 79
2 116 117 118 119
3 162 163 164 165
4 202 203 204 205
5 272 269 270 271
6 304 305 306 303
7 337 338 339 340
8 376 377 374 375
9 408 409 410 411
10 475 476 477 478
11 512 509 510 511
12 544 545 546 543
13 580 581 582 583
14 616 617 614 615
15 714 715 716 717
16 748 749 750 751
17 784 785 782 783
18 819 820 821 822
19 856 853 854 855
20 920 921 922 923
21 954 955 956 957
22 988 989 990 991
23 1025 1026 1027 1028
24 1059 1060 1061 1062
