# ElementID Node1 Node2 Node3 Node4 Node5 Node6 Node7 Node8
0 0 1 2 3 4 5 6 7
1 4 5 6 7 8 9 10 11
2 8 9 10 11 12 13 14 15
3 12 13 14 15 16 17 18 19
4 16 17 18 19 20 21 22 23
5 20 21 22 23 24 25 26 27
6 24 25 26 27 28 29 30 31
7 28 29 30 31 32 33 34 35
8 32 33 34 35 36 37 38 39
9 3 2 40 41 7 6 42 43
10 7 6 42 43 11 10 44 45
11 41 40 46 47 43 42 48 49
12 43 42 48 49 45 44 50 51
13 45 44 50 51 52 53 54 55
14 52 53 54 55 56 57 58 59
15 56 57 58 59 60 61 62 63
16 60 61 62 63 64 65 66 67
17 64 65 66 67 68 69 70 71
18 68 69 70 71 72 73 74 75
19 72 73 74 75 76 77 78 79
20 47 46 80 81 49 48 82 83
21 49 48 82 83 51 50 84 85
22 81 80 86 87 83 82 88 89
23 83 82 88 89 85 84 90 91
24 85 84 90 91 92 93 94 95
25 92 93 94 95 96 97 98 99
26 96 97 98 99 100 101 102 103
27 100 101 102 103 104 105 106 107
28 104 105 106 107 108 109 110 111
29 108 109 110 111 112 113 114 115
30 112 113 114 115 116 117 118 119
31 87 86 120 121 89 88 122 123
32 89 88 122 123 91 90 124 125
33 121 120 126 127 123 122 128 129
34 123 122 128 129 125 124 130 131
35 127 126 132 133 129 128 134 135
36 129 128 134 135 131 130 136 137
37 131 130 136 137 138 139 140 141
38 138 139 140 141 142 143 144 145
39 142 143 144 145 146 147 148 149
40 146 147 148 149 150 151 152 153
41 150 151 152 153 154 155 156 157
42 154 155 156 157 158 159 160 161
43 158 159 160 161 162 163 164 165
44 133 132 166 167 135 134 168 169
45 135 134 168 169 137 136 170 171
46 167 166 172 173 169 168 174 175
47 169 168 174 175 171 170 176 177
48 171 170 176 177 178 179 180 181
49 178 179 180 181 182 183 184 185
50 182 183 184 185 186 187 188 189
51 186 187 188 189 190 191 192 193
52 190 191 192 193 194 195 196 197
53 194 195 196 197 198 199 200 201
54 198 199 200 201 202 203 204 205
55 1 206 207 2 5 208 209 6
56 5 208 209 6 9 210 211 10
57 2 207 212 40 6 209 213 42
58 6 209 213 42 10 211 214 44
59 40 212 215 46 42 213 216 48
60 42 213 216 48 44 214 217 50
61 46 215 218 80 48 216 219 82
62 48 216 219 82 50 217 220 84
63 80 218 221 86 82 219 222 88
64 82 219 222 88 84 220 223 90
65 86 221 224 120 88 222 225 122
66 88 222 225 122 90 223 226 124
67 120 224 227 126 122 225 228 128
68 122 225 228 128 124 226 229 130
69 126 227 230 132 128 228 231 134
70 128 228 231 134 130 229 232 136
71 132 230 233 166 134 231 234 168
72 134 231 234 168 136 232 235 170
73 166 233 236 172 168 234 237 174
74 168 234 237 174 170 235 238 176
75 206 239 240 207 208 241 242 209
76 208 241 242 209 210 243 244 211
77 210 243 244 211 245 246 247 248
78 245 246 247 248 249 250 251 252
79 249 250 251 252 253 254 255 256
80 253 254 255 256 257 258 259 260
81 257 258 259 260 261 262 263 264
82 261 262 263 264 265 266 267 268
83 265 266 267 268 269 270 271 272
84 207 240 273 212 209 242 274 213
85 209 242 274 213 211 244 275 214
86 212 273 276 215 213 274 277 216
87 213 274 277 216 214 275 278 217
88 214 275 278 217 279 280 281 282
89 279 280 281 282 283 284 285 286
90 283 284 285 286 287 288 289 290
91 287 288 289 290 291 292 293 294
92 291 292 293 294 295 296 297 298
93 295 296 297 298 299 300 301 302
94 299 300 301 302 303 304 305 306
95 215 276 307 218 216 277 308 219
96 216 277 308 219 217 278 309 220
97 218 307 310 221 219 308 311 222
98 219 308 311 222 220 309 312 223
99 220 309 312 223 313 314 315 316
100 313 314 315 316 317 318 319 320
101 317 318 319 320 321 322 323 324
102 321 322 323 324 325 326 327 328
103 325 326 327 328 329 330 331 332
104 329 330 331 332 333 334 335 336
105 333 334 335 336 337 338 339 340
106 221 310 341 224 222 311 342 225
107 222 311 342 225 223 312 343 226
108 224 341 344 227 225 342 345 228
109 225 342 345 228 226 343 346 229
110 227 344 347 230 228 345 348 231
111 228 345 348 231 229 346 349 232
112 229 346 349 232 350 351 352 353
113 350 351 352 353 354 355 356 357
114 354 355 356 357 358 359 360 361
115 358 359 360 361 362 363 364 365
116 362 363 364 365 366 367 368 369
117 366 367 368 369 370 371 372 373
118 370 371 372 373 374 375 376 377
119 230 347 378 233 231 348 379 234
120 231 348 379 234 232 349 380 235
121 233 378 381 236 234 379 382 237
122 234 379 382 237 235 380 383 238
123 235 380 383 238 384 385 386 387
124 384 385 386 387 388 389 390 391
125 388 389 390 391 392 393 394 395
126 392 393 394 395 396 397 398 399
127 396 397 398 399 400 401 402 403
128 400 401 402 403 404 405 406 407
129 404 405 406 407 408 409 410 411
130 239 412 413 240 241 414 415 242
131 241 414 415 242 243 416 417 244
132 240 413 418 273 242 415 419 274
133 242 415 419 274 244 417 420 275
134 273 418 421 276 274 419 422 277
135 274 419 422 277 275 420 423 278
136 276 421 424 307 277 422 425 308
137 277 422 425 308 278 423 426 309
138 307 424 427 310 308 425 428 311
139 308 425 428 311 309 426 429 312
140 310 427 430 341 311 428 431 342
141 311 428 431 342 312 429 432 343
142 341 430 433 344 342 431 434 345
143 342 431 434 345 343 432 435 346
144 344 433 436 347 345 434 437 348
145 345 434 437 348 346 435 438 349
146 347 436 439 378 348 437 440 379
147 348 437 440 379 349 438 441 380
148 378 439 442 381 379 440 443 382
149 379 440 443 382 380 441 444 383
150 412 445 446 413 414 447 448 415
151 414 447 448 415 416 449 450 417
152 416 449 450 417 451 452 453 454
153 451 452 453 454 455 456 457 458
154 455 456 457 458 459 460 461 462
155 459 460 461 462 463 464 465 466
156 463 464 465 466 467 468 469 470
157 467 468 469 470 471 472 473 474
158 471 472 473 474 475 476 477 478
159 413 446 479 418 415 448 480 419
160 415 448 480 419 417 450 481 420
161 418 479 482 421 419 480 483 422
162 419 480 483 422 420 481 484 423
163 420 481 484 423 485 486 487 488
164 485 486 487 488 489 490 491 492
165 489 490 491 492 493 494 495 496
166 493 494 495 496 497 498 499 500
167 497 498 499 500 501 502 503 504
168 501 502 503 504 505 506 507 508
169 505 506 507 508 509 510 511 512
170 421 482 513 424 422 483 514 425
171 422 483 514 425 423 484 515 426
172 424 513 516 427 425 514 517 428
173 425 514 517 428 426 515 518 429
174 426 515 518 429 519 520 521 522
175 519 520 521 522 523 524 525 526
176 523 524 525 526 527 528 529 530
177 527 528 529 530 531 532 533 534
178 531 532 533 534 535 536 537 538
179 535 536 537 538 539 540 541 542
180 539 540 541 542 543 544 545 546
181 427 516 547 430 428 517 548 431
182 428 517 548 431 429 518 549 432
183 430 547 550 433 431 548 551 434
184 431 548 551 434 432 549 552 435
185 433 550 553 436 434 551 554 437
186 434 551 554 437 435 552 555 438
187 435 552 555 438 556 557 558 559
188 556 557 558 559 560 561 562 563
189 560 561 562 563 564 565 566 567
190 564 565 566 567 568 569 570 571
191 568 569 570 571 572 573 574 575
192 572 573 574 575 576 577 578 579
193 576 577 578 579 580 581 582 583
194 436 553 584 439 437 554 585 440
195 437 554 585 440 438 555 586 441
196 439 584 587 442 440 585 588 443
197 440 585 588 443 441 586 589 444
198 441 586 589 444 590 591 592 593
199 590 591 592 593 594 595 596 597
200 594 595 596 597 598 599 600 601
201 598 599 600 601 602 603 604 605
202 602 603 604 605 606 607 608 609
203 606 607 608 609 610 611 612 613
204 610 611 612 613 614 615 616 617
205 445 618 619 446 447 620 621 448
206 447 620 621 448 449 622 623 450
207 446 619 624 479 448 621 625 480
208 448 621 625 480 450 623 626 481
209 479 624 627 482 480 625 628 483
210 480 625 628 483 481 626 629 484
211 482 627 630 513 483 628 631 514
212 483 628 631 514 484 629 632 515
213 513 630 633 516 514 631 634 517
214 514 631 634 517 515 632 635 518
215 516 633 636 547 517 634 637 548
216 517 634 637 548 518 635 638 549
217 547 636 639 550 548 637 640 551
218 548 637 640 551 549 638 641 552
219 550 639 642 553 551 640 643 554
220 551 640 643 554 552 641 644 555
221 553 642 645 584 554 643 646 585
222 554 643 646 585 555 644 647 586
223 584 645 648 587 585 646 649 588
224 585 646 649 588 586 647 650 589
225 618 651 652 619 620 653 654 621
226 620 653 654 621 622 655 656 623
227 619 652 657 624 621 654 658 625
228 621 654 658 625 623 656 659 626
229 624 657 660 627 625 658 661 628
230 625 658 661 628 626 659 662 629
231 627 660 663 630 628 661 664 631
232 628 661 664 631 629 662 665 632
233 630 663 666 633 631 664 667 634
234 631 664 667 634 632 665 668 635
235 633 666 669 636 634 667 670 637
236 634 667 670 637 635 668 671 638
237 636 669 672 639 637 670 673 640
238 637 670 673 640 638 671 674 641
239 639 672 675 642 640 673 676 643
240 640 673 676 643 641 674 677 644
241 642 675 678 645 643 676 679 646
242 643 676 679 646 644 677 680 647
243 645 678 681 648 646 679 682 649
244 646 679 682 649 647 680 683 650
245 651 684 685 652 653 686 687 654
246 653 686 687 654 655 688 689 656
247 655 688 689 656 690 691 692 693
248 690 691 692 693 694 695 696 697
249 694 695 696 697 698 699 700 701
250 698 699 700 701 702 703 704 705
251 702 703 704 705 706 707 708 709
252 706 707 708 709 710 711 712 713
253 710 711 712 713 714 715 716 717
254 652 685 718 657 654 687 719 658
255 654 687 719 658 656 689 720 659
256 657 718 721 660 658 719 722 661
257 658 719 722 661 659 720 723 662
258 659 720 723 662 724 725 726 727
259 724 725 726 727 728 729 730 731
260 728 729 730 731 732 733 734 735
261 732 733 734 735 736 737 738 739
262 736 737 738 739 740 741 742 743
263 740 741 742 743 744 745 746 747
264 744 745 746 747 748 749 750 751
265 660 721 752 663 661 722 753 664
266 661 722 753 664 662 723 754 665
267 663 752 755 666 664 753 756 667
268 664 753 756 667 665 754 757 668
269 665 754 757 668 758 759 760 761
270 758 759 760 761 762 763 764 765
271 762 763 764 765 766 767 768 769
272 766 767 768 769 770 771 772 773
273 770 771 772 773 774 775 776 777
274 774 775 776 777 778 779 780 781
275 778 779 780 781 782 783 784 785
276 666 755 786 669 667 756 787 670
277 667 756 787 670 668 757 788 671
278 669 786 789 672 670 787 790 673
279 670 787 790 673 671 788 791 674
280 672 789 792 675 673 790 793 676
281 673 790 793 676 674 791 794 677
282 674 791 794 677 795 796 797 798
283 795 796 797 798 799 800 801 802
284 799 800 801 802 803 804 805 806
285 803 804 805 806 807 808 809 810
286 807 808 809 810 811 812 813 814
287 811 812 813 814 815 816 817 818
288 815 816 817 818 819 820 821 822
289 675 792 823 678 676 793 824 679
290 676 793 824 679 677 794 825 680
291 678 823 826 681 679 824 827 682
292 679 824 827 682 680 825 828 683
293 680 825 828 683 829 830 831 832
294 829 830 831 832 833 834 835 836
295 833 834 835 836 837 838 839 840
296 837 838 839 840 841 842 843 844
297 841 842 843 844 845 846 847 848
298 845 846 847 848 849 850 851 852
299 849 850 851 852 853 854 855 856
300 684 857 858 685 686 859 860 687
301 686 859 860 687 688 861 862 689
302 685 858 863 718 687 860 864 719
303 687 860 864 719 689 862 865 720
304 718 863 866 721 719 864 867 722
305 719 864 867 722 720 865 868 723
306 721 866 869 752 722 867 870 753
307 722 867 870 753 723 868 871 754
308 752 869 872 755 753 870 873 756
309 753 870 873 756 754 871 874 757
310 755 872 875 786 756 873 876 787
311 756 873 876 787 757 874 877 788
312 786 875 878 789 787 876 879 790
313 787 876 879 790 788 877 880 791
314 789 878 881 792 790 879 882 793
315 790 879 882 793 791 880 883 794
316 792 881 884 823 793 882 885 824
317 793 882 885 824 794 883 886 825
318 823 884 887 826 824 885 888 827
319 824 885 888 827 825 886 889 828
320 857 890 891 858 859 892 893 860
321 859 892 893 860 861 894 895 862
322 861 894 895 862 896 897 898 899
323 896 897 898 899 900 901 902 903
324 900 901 902 903 904 905 906 907
325 904 905 906 907 908 909 910 911
326 908 909 910 911 912 913 914 915
327 912 913 914 915 916 917 918 919
328 916 917 918 919 920 921 922 923
329 858 891 924 863 860 893 925 864
330 860 893 925 864 862 895 926 865
331 863 924 927 866 864 925 928 867
332 864 925 928 867 865 926 929 868
333 865 926 929 868 930 931 932 933
334 930 931 932 933 934 935 936 937
335 934 935 936 937 938 939 940 941
336 938 939 940 941 942 943 944 945
337 942 943 944 945 946 947 948 949
338 946 947 948 949 950 951 952 953
339 950 951 952 953 954 955 956 957
340 866 927 958 869 867 928 959 870
341 867 928 959 870 868 929 960 871
342 869 958 961 872 870 959 962 873
343 870 959 962 873 871 960 963 874
344 871 960 963 874 964 965 966 967
345 964 965 966 967 968 969 970 971
346 968 969 970 971 972 973 974 975
347 972 973 974 975 976 977 978 979
348 976 977 978 979 980 981 982 983
349 980 981 982 983 984 985 986 987
350 984 985 986 987 988 989 990 991
351 872 961 992 875 873 962 993 876
352 873 962 993 876 874 963 994 877
353 875 992 995 878 876 993 996 879
354 876 993 996 879 877 994 997 880
355 878 995 998 881 879 996 999 882
356 879 996 999 882 880 997 1000 883
357 880 997 1000 883 1001 1002 1003 1004
358 1001 1002 1003 1004 1005 1006 1007 1008
359 1005 1006 1007 1008 1009 1010 1011 1012
360 1009 1010 1011 1012 1013 1014 1015 1016
361 1013 1014 1015 1016 1017 1018 1019 1020
362 1017 1018 1019 1020 1021 1022 1023 1024
363 1021 1022 1023 1024 1025 1026 1027 1028
364 881 998 1029 884 882 999 1030 885
365 882 999 1030 885 883 1000 1031 886
366 884 1029 1032 887 885 1030 1033 888
367 885 1030 1033 888 886 1031 1034 889
368 886 1031 1034 889 1035 1036 1037 1038
369 1035 1036 1037 1038 1039 1040 1041 1042
370 1039 1040 1041 1042 1043 1044 1045 1046
371 1043 1044 1045 1046 1047 1048 1049 1050
372 1047 1048 1049 1050 1051 1052 1053 1054
373 1051 1052 1053 1054 1055 1056 1057 1058
374 1055 1056 1057 1058 1059 1060 1061 1062
