# NodeID X Y Z
0 0.000000 0.000000 0.000000
1 0.100000 0.000000 0.000000
2 0.100000 0.100000 0.000000
3 0.000000 0.100000 0.000000
4 0.000000 0.000000 0.100000
5 0.100000 0.000000 0.100000
6 0.100000 0.100000 0.100000
7 0.000000 0.100000 0.100000
8 0.000000 0.000000 0.200000
9 0.100000 0.000000 0.200000
10 0.100000 0.100000 0.200000
11 0.000000 0.100000 0.200000
12 0.000000 0.000000 0.300000
13 0.100000 0.000000 0.300000
14 0.100000 0.100000 0.300000
15 0.000000 0.100000 0.300000
16 0.000000 0.000000 0.400000
17 0.100000 0.000000 0.400000
18 0.100000 0.100000 0.400000
19 0.000000 0.100000 0.400000
20 0.000000 0.000000 0.500000
21 0.100000 0.000000 0.500000
22 0.100000 0.100000 0.500000
23 0.000000 0.100000 0.500000
24 0.000000 0.000000 0.600000
25 0.100000 0.000000 0.600000
26 0.100000 0.100000 0.600000
27 0.000000 0.100000 0.600000
28 0.000000 0.000000 0.700000
29 0.100000 0.000000 0.700000
30 0.100000 0.100000 0.700000
31 0.000000 0.100000 0.700000
32 0.000000 0.000000 0.800000
33 0.100000 0.000000 0.800000
34 0.100000 0.100000 0.800000
35 0.000000 0.100000 0.800000
36 0.000000 0.000000 0.900000
37 0.100000 0.000000 0.900000
38 0.100000 0.100000 0.900000
39 0.000000 0.100000 0.900000
40 0.100000 0.200000 0.000000
41 0.000000 0.200000 0.000000
42 0.100000 0.200000 0.100000
43 0.000000 0.200000 0.100000
44 0.100000 0.200000 0.200000
45 0.000000 0.200000 0.200000
46 0.100000 0.300000 0.000000
47 0.000000 0.300000 0.000000
48 0.100000 0.300000 0.100000
49 0.000000 0.300000 0.100000
50 0.100000 0.300000 0.200000
51 0.000000 0.300000 0.200000
52 0.000000 0.200000 0.300000
53 0.100000 0.200000 0.300000
54 0.100000 0.300000 0.300000
55 0.000000 0.300000 0.300000
56 0.000000 0.200000 0.400000
57 0.100000 0.200000 0.400000
58 0.100000 0.300000 0.400000
59 0.000000 0.300000 0.400000
60 0.000000 0.200000 0.500000
61 0.100000 0.200000 0.500000
62 0.100000 0.300000 0.500000
63 0.000000 0.300000 0.500000
64 0.000000 0.200000 0.600000
65 0.100000 0.200000 0.600000
66 0.100000 0.300000 0.600000
67 0.000000 0.300000 0.600000
68 0.000000 0.200000 0.700000
69 0.100000 0.200000 0.700000
70 0.100000 0.300000 0.700000
71 0.000000 0.300000 0.700000
72 0.000000 0.200000 0.800000
73 0.100000 0.200000 0.800000
74 0.100000 0.300000 0.800000
75 0.000000 0.300000 0.800000
76 0.000000 0.200000 0.900000
77 0.100000 0.200000 0.900000
78 0.100000 0.300000 0.900000
79 0.000000 0.300000 0.900000
80 0.100000 0.400000 0.000000
81 0.000000 0.400000 0.000000
82 0.100000 0.400000 0.100000
83 0.000000 0.400000 0.100000
84 0.100000 0.400000 0.200000
85 0.000000 0.400000 0.200000
86 0.100000 0.500000 0.000000
87 0.000000 0.500000 0.000000
88 0.100000 0.500000 0.100000
89 0.000000 0.500000 0.100000
90 0.100000 0.500000 0.200000
91 0.000000 0.500000 0.200000
92 0.000000 0.400000 0.300000
93 0.100000 0.400000 0.300000
94 0.100000 0.500000 0.300000
95 0.000000 0.500000 0.300000
96 0.000000 0.400000 0.400000
97 0.100000 0.400000 0.400000
98 0.100000 0.500000 0.400000
99 0.000000 0.500000 0.400000
100 0.000000 0.400000 0.500000
101 0.100000 0.400000 0.500000
102 0.100000 0.500000 0.500000
103 0.000000 0.500000 0.500000
104 0.000000 0.400000 0.600000
105 0.100000 0.400000 0.600000
106 0.100000 0.500000 0.600000
107 0.000000 0.500000 0.600000
108 0.000000 0.400000 0.700000
109 0.100000 0.400000 0.700000
110 0.100000 0.500000 0.700000
111 0.000000 0.500000 0.700000
112 0.000000 0.400000 0.800000
113 0.100000 0.400000 0.800000
114 0.100000 0.500000 0.800000
115 0.000000 0.500000 0.800000
116 0.000000 0.400000 0.900000
117 0.100000 0.400000 0.900000
118 0.100000 0.500000 0.900000
119 0.000000 0.500000 0.900000
120 0.100000 0.600000 0.000000
121 0.000000 0.600000 0.000000
122 0.100000 0.600000 0.100000
123 0.000000 0.600000 0.100000
124 0.100000 0.600000 0.200000
125 0.000000 0.600000 0.200000
126 0.100000 0.700000 0.000000
127 0.000000 0.700000 0.000000
128 0.100000 0.700000 0.100000
129 0.000000 0.700000 0.100000
130 0.100000 0.700000 0.200000
131 0.000000 0.700000 0.200000
132 0.100000 0.800000 0.000000
133 0.000000 0.800000 0.000000
134 0.100000 0.800000 0.100000
135 0.000000 0.800000 0.100000
136 0.100000 0.800000 0.200000
137 0.000000 0.800000 0.200000
138 0.000000 0.700000 0.300000
139 0.100000 0.700000 0.300000
140 0.100000 0.800000 0.300000
141 0.000000 0.800000 0.300000
142 0.000000 0.700000 0.400000
143 0.100000 0.700000 0.400000
144 0.100000 0.800000 0.400000
145 0.000000 0.800000 0.400000
146 0.000000 0.700000 0.500000
147 0.100000 0.700000 0.500000
148 0.100000 0.800000 0.500000
149 0.000000 0.800000 0.500000
150 0.000000 0.700000 0.600000
151 0.100000 0.700000 0.600000
152 0.100000 0.800000 0.600000
153 0.000000 0.800000 0.600000
154 0.000000 0.700000 0.700000
155 0.100000 0.700000 0.700000
156 0.100000 0.800000 0.700000
157 0.000000 0.800000 0.700000
158 0.000000 0.700000 0.800000
159 0.100000 0.700000 0.800000
160 0.100000 0.800000 0.800000
161 0.000000 0.800000 0.800000
162 0.000000 0.700000 0.900000
163 0.100000 0.700000 0.900000
164 0.100000 0.800000 0.900000
165 0.000000 0.800000 0.900000
166 0.100000 0.900000 0.000000
167 0.000000 0.900000 0.000000
168 0.100000 0.900000 0.100000
169 0.000000 0.900000 0.100000
170 0.100000 0.900000 0.200000
171 0.000000 0.900000 0.200000
172 0.100000 1.000000 0.000000
173 0.000000 1.000000 0.000000
174 0.100000 1.000000 0.100000
175 0.000000 1.000000 0.100000
176 0.100000 1.000000 0.200000
177 0.000000 1.000000 0.200000
178 0.000000 0.900000 0.300000
179 0.100000 0.900000 0.300000
180 0.100000 1.000000 0.300000
181 0.000000 1.000000 0.300000
182 0.000000 0.900000 0.400000
183 0.100000 0.900000 0.400000
184 0.100000 1.000000 0.400000
185 0.000000 1.000000 0.400000
186 0.000000 0.900000 0.500000
187 0.100000 0.900000 0.500000
188 0.100000 1.000000 0.500000
189 0.000000 1.000000 0.500000
190 0.000000 0.900000 0.600000
191 0.100000 0.900000 0.600000
192 0.100000 1.000000 0.600000
193 0.000000 1.000000 0.600000
194 0.000000 0.900000 0.700000
195 0.100000 0.900000 0.700000
196 0.100000 1.000000 0.700000
197 0.000000 1.000000 0.700000
198 0.000000 0.900000 0.800000
199 0.100000 0.900000 0.800000
200 0.100000 1.000000 0.800000
201 0.000000 1.000000 0.800000
202 0.000000 0.900000 0.900000
203 0.100000 0.900000 0.900000
204 0.100000 1.000000 0.900000
205 0.000000 1.000000 0.900000
206 0.200000 0.000000 0.000000
207 0.200000 0.100000 0.000000
208 0.200000 0.000000 0.100000
209 0.200000 0.100000 0.100000
210 0.200000 0.000000 0.200000
211 0.200000 0.100000 0.200000
212 0.200000 0.200000 0.000000
213 0.200000 0.200000 0.100000
214 0.200000 0.200000 0.200000
215 0.200000 0.300000 0.000000
216 0.200000 0.300000 0.100000
217 0.200000 0.300000 0.200000
218 0.200000 0.400000 0.000000
219 0.200000 0.400000 0.100000
220 0.200000 0.400000 0.200000
221 0.200000 0.500000 0.000000
222 0.200000 0.500000 0.100000
223 0.200000 0.500000 0.200000
224 0.200000 0.600000 0.000000
225 0.200000 0.600000 0.100000
226 0.200000 0.600000 0.200000
227 0.200000 0.700000 0.000000
228 0.200000 0.700000 0.100000
229 0.200000 0.700000 0.200000
230 0.200000 0.800000 0.000000
231 0.200000 0.800000 0.100000
232 0.200000 0.800000 0.200000
233 0.200000 0.900000 0.000000
234 0.200000 0.900000 0.100000
235 0.200000 0.900000 0.200000
236 0.200000 1.000000 0.000000
237 0.200000 1.000000 0.100000
238 0.200000 1.000000 0.200000
239 0.300000 0.000000 0.000000
240 0.300000 0.100000 0.000000
241 0.300000 0.000000 0.100000
242 0.300000 0.100000 0.100000
243 0.300000 0.000000 0.200000
244 0.300000 0.100000 0.200000
245 0.200000 0.000000 0.300000
246 0.300000 0.000000 0.300000
247 0.300000 0.100000 0.300000
248 0.200000 0.100000 0.300000
249 0.200000 0.000000 0.400000
250 0.300000 0.000000 0.400000
251 0.300000 0.100000 0.400000
252 0.200000 0.100000 0.400000
253 0.200000 0.000000 0.500000
254 0.300000 0.000000 0.500000
255 0.300000 0.100000 0.500000
256 0.200000 0.100000 0.500000
257 0.200000 0.000000 0.600000
258 0.300000 0.000000 0.600000
259 0.300000 0.100000 0.600000
260 0.200000 0.100000 0.600000
261 0.200000 0.000000 0.700000
262 0.300000 0.000000 0.700000
263 0.300000 0.100000 0.700000
264 0.200000 0.100000 0.700000
265 0.200000 0.000000 0.800000
266 0.300000 0.000000 0.800000
267 0.300000 0.100000 0.800000
268 0.200000 0.100000 0.800000
269 0.200000 0.000000 0.900000
270 0.300000 0.000000 0.900000
271 0.300000 0.100000 0.900000
272 0.200000 0.100000 0.900000
273 0.300000 0.200000 0.000000
274 0.300000 0.200000 0.100000
275 0.300000 0.200000 0.200000
276 0.300000 0.300000 0.000000
277 0.300000 0.300000 0.100000
278 0.300000 0.300000 0.200000
279 0.200000 0.200000 0.300000
280 0.300000 0.200000 0.300000
281 0.300000 0.300000 0.300000
282 0.200000 0.300000 0.300000
283 0.200000 0.200000 0.400000
284 0.300000 0.200000 0.400000
285 0.300000 0.300000 0.400000
286 0.200000 0.300000 0.400000
287 0.200000 0.200000 0.500000
288 0.300000 0.200000 0.500000
289 0.300000 0.300000 0.500000
290 0.200000 0.300000 0.500000
291 0.200000 0.200000 0.600000
292 0.300000 0.200000 0.600000
293 0.300000 0.300000 0.600000
294 0.200000 0.300000 0.600000
295 0.200000 0.200000 0.700000
296 0.300000 0.200000 0.700000
297 0.300000 0.300000 0.700000
298 0.200000 0.300000 0.700000
299 0.200000 0.200000 0.800000
300 0.300000 0.200000 0.800000
301 0.300000 0.300000 0.800000
302 0.200000 0.300000 0.800000
303 0.200000 0.200000 0.900000
304 0.300000 0.200000 0.900000
305 0.300000 0.300000 0.900000
306 0.200000 0.300000 0.900000
307 0.300000 0.400000 0.000000
308 0.300000 0.400000 0.100000
309 0.300000 0.400000 0.200000
310 0.300000 0.500000 0.000000
311 0.300000 0.500000 0.100000
312 0.300000 0.500000 0.200000
313 0.200000 0.400000 0.300000
314 0.300000 0.400000 0.300000
315 0.300000 0.500000 0.300000
316 0.200000 0.500000 0.300000
317 0.200000 0.400000 0.400000
318 0.300000 0.400000 0.400000
319 0.300000 0.500000 0.400000
320 0.200000 0.500000 0.400000
321 0.200000 0.400000 0.500000
322 0.300000 0.400000 0.500000
323 0.300000 0.500000 0.500000
324 0.200000 0.500000 0.500000
325 0.200000 0.400000 0.600000
326 0.300000 0.400000 0.600000
327 0.300000 0.500000 0.600000
328 0.200000 0.500000 0.600000
329 0.200000 0.400000 0.700000
330 0.300000 0.400000 0.700000
331 0.300000 0.500000 0.700000
332 0.200000 0.500000 0.700000
333 0.200000 0.400000 0.800000
334 0.300000 0.400000 0.800000
335 0.300000 0.500000 0.800000
336 0.200000 0.500000 0.800000
337 0.200000 0.400000 0.900000
338 0.300000 0.400000 0.900000
339 0.300000 0.500000 0.900000
340 0.200000 0.500000 0.900000
341 0.300000 0.600000 0.000000
342 0.300000 0.600000 0.100000
343 0.300000 0.600000 0.200000
344 0.300000 0.700000 0.000000
345 0.300000 0.700000 0.100000
346 0.300000 0.700000 0.200000
347 0.300000 0.800000 0.000000
348 0.300000 0.800000 0.100000
349 0.300000 0.800000 0.200000
350 0.200000 0.700000 0.300000
351 0.300000 0.700000 0.300000
352 0.300000 0.800000 0.300000
353 0.200000 0.800000 0.300000
354 0.200000 0.700000 0.400000
355 0.300000 0.700000 0.400000
356 0.300000 0.800000 0.400000
357 0.200000 0.800000 0.400000
358 0.200000 0.700000 0.500000
359 0.300000 0.700000 0.500000
360 0.300000 0.800000 0.500000
361 0.200000 0.800000 0.500000
362 0.200000 0.700000 0.600000
363 0.300000 0.700000 0.600000
364 0.300000 0.800000 0.600000
365 0.200000 0.800000 0.600000
366 0.200000 0.700000 0.700000
367 0.300000 0.700000 0.700000
368 0.300000 0.800000 0.700000
369 0.200000 0.800000 0.700000
370 0.200000 0.700000 0.800000
371 0.300000 0.700000 0.800000
372 0.300000 0.800000 0.800000
373 0.200000 0.800000 0.800000
374 0.200000 0.700000 0.900000
375 0.300000 0.700000 0.900000
376 0.300000 0.800000 0.900000
377 0.200000 0.800000 0.900000
378 0.300000 0.900000 0.000000
379 0.300000 0.900000 0.100000
380 0.300000 0.900000 0.200000
381 0.300000 1.000000 0.000000
382 0.300000 1.000000 0.100000
383 0.300000 1.000000 0.200000
384 0.200000 0.900000 0.300000
385 0.300000 0.900000 0.300000
386 0.300000 1.000000 0.300000
387 0.200000 1.000000 0.300000
388 0.200000 0.900000 0.400000
389 0.300000 0.900000 0.400000
390 0.300000 1.000000 0.400000
391 0.200000 1.000000 0.400000
392 0.200000 0.900000 0.500000
393 0.300000 0.900000 0.500000
394 0.300000 1.000000 0.500000
395 0.200000 1.000000 0.500000
396 0.200000 0.900000 0.600000
397 0.300000 0.900000 0.600000
398 0.300000 1.000000 0.600000
399 0.200000 1.000000 0.600000
400 0.200000 0.900000 0.700000
401 0.300000 0.900000 0.700000
402 0.300000 1.000000 0.700000
403 0.200000 1.000000 0.700000
404 0.200000 0.900000 0.800000
405 0.300000 0.900000 0.800000
406 0.300000 1.000000 0.800000
407 0.200000 1.000000 0.800000
408 0.200000 0.900000 0.900000
409 0.300000 0.900000 0.900000
410 0.300000 1.000000 0.900000
411 0.200000 1.000000 0.900000
412 0.400000 0.000000 0.000000
413 0.400000 0.100000 0.000000
414 0.400000 0.000000 0.100000
415 0.400000 0.100000 0.100000
416 0.400000 0.000000 0.200000
417 0.400000 0.100000 0.200000
418 0.400000 0.200000 0.000000
419 0.400000 0.200000 0.100000
420 0.400000 0.200000 0.200000
421 0.400000 0.300000 0.000000
422 0.400000 0.300000 0.100000
423 0.400000 0.300000 0.200000
424 0.400000 0.400000 0.000000
425 0.400000 0.400000 0.100000
426 0.400000 0.400000 0.200000
427 0.400000 0.500000 0.000000
428 0.400000 0.500000 0.100000
429 0.400000 0.500000 0.200000
430 0.400000 0.600000 0.000000
431 0.400000 0.600000 0.100000
432 0.400000 0.600000 0.200000
433 0.400000 0.700000 0.000000
434 0.400000 0.700000 0.100000
435 0.400000 0.700000 0.200000
436 0.400000 0.800000 0.000000
437 0.400000 0.800000 0.100000
438 0.400000 0.800000 0.200000
439 0.400000 0.900000 0.000000
440 0.400000 0.900000 0.100000
441 0.400000 0.900000 0.200000
442 0.400000 1.000000 0.000000
443 0.400000 1.000000 0.100000
444 0.400000 1.000000 0.200000
445 0.500000 0.000000 0.000000
446 0.500000 0.100000 0.000000
447 0.500000 0.000000 0.100000
448 0.500000 0.100000 0.100000
449 0.500000 0.000000 0.200000
450 0.500000 0.100000 0.200000
451 0.400000 0.000000 0.300000
452 0.500000 0.000000 0.300000
453 0.500000 0.100000 0.300000
454 0.400000 0.100000 0.300000
455 0.400000 0.000000 0.400000
456 0.500000 0.000000 0.400000
457 0.500000 0.100000 0.400000
458 0.400000 0.100000 0.400000
459 0.400000 0.000000 0.500000
460 0.500000 0.000000 0.500000
461 0.500000 0.100000 0.500000
462 0.400000 0.100000 0.500000
463 0.400000 0.000000 0.600000
464 0.500000 0.000000 0.600000
465 0.500000 0.100000 0.600000
466 0.400000 0.100000 0.600000
467 0.400000 0.000000 0.700000
468 0.500000 0.000000 0.700000
469 0.500000 0.100000 0.700000
470 0.400000 0.100000 0.700000
471 0.400000 0.000000 0.800000
472 0.500000 0.000000 0.800000
473 0.500000 0.100000 0.800000
474 0.400000 0.100000 0.800000
475 0.400000 0.000000 0.900000
476 0.500000 0.000000 0.900000
477 0.500000 0.100000 0.900000
478 0.400000 0.100000 0.900000
479 0.500000 0.200000 0.000000
480 0.500000 0.200000 0.100000
481 0.500000 0.200000 0.200000
482 0.500000 0.300000 0.000000
483 0.500000 0.300000 0.100000
484 0.500000 0.300000 0.200000
485 0.400000 0.200000 0.300000
486 0.500000 0.200000 0.300000
487 0.500000 0.300000 0.300000
488 0.400000 0.300000 0.300000
489 0.400000 0.200000 0.400000
490 0.500000 0.200000 0.400000
491 0.500000 0.300000 0.400000
492 0.400000 0.300000 0.400000
493 0.400000 0.200000 0.500000
494 0.500000 0.200000 0.500000
495 0.500000 0.300000 0.500000
496 0.400000 0.300000 0.500000
497 0.400000 0.200000 0.600000
498 0.500000 0.200000 0.600000
499 0.500000 0.300000 0.600000
500 0.400000 0.300000 0.600000
501 0.400000 0.200000 0.700000
502 0.500000 0.200000 0.700000
503 0.500000 0.300000 0.700000
504 0.400000 0.300000 0.700000
505 0.400000 0.200000 0.800000
506 0.500000 0.200000 0.800000
507 0.500000 0.300000 0.800000
508 0.400000 0.300000 0.800000
509 0.400000 0.200000 0.900000
510 0.500000 0.200000 0.900000
511 0.500000 0.300000 0.900000
512 0.400000 0.300000 0.900000
513 0.500000 0.400000 0.000000
514 0.500000 0.400000 0.100000
515 0.500000 0.400000 0.200000
516 0.500000 0.500000 0.000000
517 0.500000 0.500000 0.100000
518 0.500000 0.500000 0.200000
519 0.400000 0.400000 0.300000
520 0.500000 0.400000 0.300000
521 0.500000 0.500000 0.300000
522 0.400000 0.500000 0.300000
523 0.400000 0.400000 0.400000
524 0.500000 0.400000 0.400000
525 0.500000 0.500000 0.400000
526 0.400000 0.500000 0.400000
527 0.400000 0.400000 0.500000
528 0.500000 0.400000 0.500000
529 0.500000 0.500000 0.500000
530 0.400000 0.500000 0.500000
531 0.400000 0.400000 0.600000
532 0.500000 0.400000 0.600000
533 0.500000 0.500000 0.600000
534 0.400000 0.500000 0.600000
535 0.400000 0.400000 0.700000
536 0.500000 0.400000 0.700000
537 0.500000 0.500000 0.700000
538 0.400000 0.500000 0.700000
539 0.400000 0.400000 0.800000
540 0.500000 0.400000 0.800000
541 0.500000 0.500000 0.800000
542 0.400000 0.500000 0.800000
543 0.400000 0.400000 0.900000
544 0.500000 0.400000 0.900000
545 0.500000 0.500000 0.900000
546 0.400000 0.500000 0.900000
547 0.500000 0.600000 0.000000
548 0.500000 0.600000 0.100000
549 0.500000 0.600000 0.200000
550 0.500000 0.700000 0.000000
551 0.500000 0.700000 0.100000
552 0.500000 0.700000 0.200000
553 0.500000 0.800000 0.000000
554 0.500000 0.800000 0.100000
555 0.500000 0.800000 0.200000
556 0.400000 0.700000 0.300000
557 0.500000 0.700000 0.300000
558 0.500000 0.800000 0.300000
559 0.400000 0.800000 0.300000
560 0.400000 0.700000 0.400000
561 0.500000 0.700000 0.400000
562 0.500000 0.800000 0.400000
563 0.400000 0.800000 0.400000
564 0.400000 0.700000 0.500000
565 0.500000 0.700000 0.500000
566 0.500000 0.800000 0.500000
567 0.400000 0.800000 0.500000
568 0.400000 0.700000 0.600000
569 0.500000 0.700000 0.600000
570 0.500000 0.800000 0.600000
571 0.400000 0.800000 0.600000
572 0.400000 0.700000 0.700000
573 0.500000 0.700000 0.700000
574 0.500000 0.800000 0.700000
575 0.400000 0.800000 0.700000
576 0.400000 0.700000 0.800000
577 0.500000 0.700000 0.800000
578 0.500000 0.800000 0.800000
579 0.400000 0.800000 0.800000
580 0.400000 0.700000 0.900000
581 0.500000 0.700000 0.900000
582 0.500000 0.800000 0.900000
583 0.400000 0.800000 0.900000
584 0.500000 0.900000 0.000000
585 0.500000 0.900000 0.100000
586 0.500000 0.900000 0.200000
587 0.500000 1.000000 0.000000
588 0.500000 1.000000 0.100000
589 0.500000 1.000000 0.200000
590 0.400000 0.900000 0.300000
591 0.500000 0.900000 0.300000
592 0.500000 1.000000 0.300000
593 0.400000 1.000000 0.300000
594 0.400000 0.900000 0.400000
595 0.500000 0.900000 0.400000
596 0.500000 1.000000 0.400000
597 0.400000 1.000000 0.400000
598 0.400000 0.900000 0.500000
599 0.500000 0.900000 0.500000
600 0.500000 1.000000 0.500000
601 0.400000 1.000000 0.500000
602 0.400000 0.900000 0.600000
603 0.500000 0.900000 0.600000
604 0.500000 1.000000 0.600000
605 0.400000 1.000000 0.600000
606 0.400000 0.900000 0.700000
607 0.500000 0.900000 0.700000
608 0.500000 1.000000 0.700000
609 0.400000 1.000000 0.700000
610 0.400000 0.900000 0.800000
611 0.500000 0.900000 0.800000
612 0.500000 1.000000 0.800000
613 0.400000 1.000000 0.800000
614 0.400000 0.900000 0.900000
615 0.500000 0.900000 0.900000
616 0.500000 1.000000 0.900000
617 0.400000 1.000000 0.900000
618 0.600000 0.000000 0.000000
619 0.600000 0.100000 0.000000
620 0.600000 0.000000 0.100000
621 0.600000 0.100000 0.100000
622 0.600000 0.000000 0.200000
623 0.600000 0.100000 0.200000
624 0.600000 0.200000 0.000000
625 0.600000 0.200000 0.100000
626 0.600000 0.200000 0.200000
627 0.600000 0.300000 0.000000
628 0.600000 0.300000 0.100000
629 0.600000 0.300000 0.200000
630 0.600000 0.400000 0.000000
631 0.600000 0.400000 0.100000
632 0.600000 0.400000 0.200000
633 0.600000 0.500000 0.000000
634 0.600000 0.500000 0.100000
635 0.600000 0.500000 0.200000
636 0.600000 0.600000 0.000000
637 0.600000 0.600000 0.100000
638 0.600000 0.600000 0.200000
639 0.600000 0.700000 0.000000
640 0.600000 0.700000 0.100000
641 0.600000 0.700000 0.200000
642 0.600000 0.800000 0.000000
643 0.600000 0.800000 0.100000
644 0.600000 0.800000 0.200000
645 0.600000 0.900000 0.000000
646 0.600000 0.900000 0.100000
647 0.600000 0.900000 0.200000
648 0.600000 1.000000 0.000000
649 0.600000 1.000000 0.100000
650 0.600000 1.000000 0.200000
651 0.700000 0.000000 0.000000
652 0.700000 0.100000 0.000000
653 0.700000 0.000000 0.100000
654 0.700000 0.100000 0.100000
655 0.700000 0.000000 0.200000
656 0.700000 0.100000 0.200000
657 0.700000 0.200000 0.000000
658 0.700000 0.200000 0.100000
659 0.700000 0.200000 0.200000
660 0.700000 0.300000 0.000000
661 0.700000 0.300000 0.100000
662 0.700000 0.300000 0.200000
663 0.700000 0.400000 0.000000
664 0.700000 0.400000 0.100000
665 0.700000 0.400000 0.200000
666 0.700000 0.500000 0.000000
667 0.700000 0.500000 0.100000
668 0.700000 0.500000 0.200000
669 0.700000 0.600000 0.000000
670 0.700000 0.600000 0.100000
671 0.700000 0.600000 0.200000
672 0.700000 0.700000 0.000000
673 0.700000 0.700000 0.100000
674 0.700000 0.700000 0.200000
675 0.700000 0.800000 0.000000
676 0.700000 0.800000 0.100000
677 0.700000 0.800000 0.200000
678 0.700000 0.900000 0.000000
679 0.700000 0.900000 0.100000
680 0.700000 0.900000 0.200000
681 0.700000 1.000000 0.000000
682 0.700000 1.000000 0.100000
683 0.700000 1.000000 0.200000
684 0.800000 0.000000 0.000000
685 0.800000 0.100000 0.000000
686 0.800000 0.000000 0.100000
687 0.800000 0.100000 0.100000
688 0.800000 0.000000 0.200000
689 0.800000 0.100000 0.200000
690 0.700000 0.000000 0.300000
691 0.800000 0.000000 0.300000
692 0.800000 0.100000 0.300000
693 0.700000 0.100000 0.300000
694 0.700000 0.000000 0.400000
695 0.800000 0.000000 0.400000
696 0.800000 0.100000 0.400000
697 0.700000 0.100000 0.400000
698 0.700000 0.000000 0.500000
699 0.800000 0.000000 0.500000
700 0.800000 0.100000 0.500000
701 0.700000 0.100000 0.500000
702 0.700000 0.000000 0.600000
703 0.800000 0.000000 0.600000
704 0.800000 0.100000 0.600000
705 0.700000 0.100000 0.600000
706 0.700000 0.000000 0.700000
707 0.800000 0.000000 0.700000
708 0.800000 0.100000 0.700000
709 0.700000 0.100000 0.700000
710 0.700000 0.000000 0.800000
711 0.800000 0.000000 0.800000
712 0.800000 0.100000 0.800000
713 0.700000 0.100000 0.800000
714 0.700000 0.000000 0.900000
715 0.800000 0.000000 0.900000
716 0.800000 0.100000 0.900000
717 0.700000 0.100000 0.900000
718 0.800000 0.200000 0.000000
719 0.800000 0.200000 0.100000
720 0.800000 0.200000 0.200000
721 0.800000 0.300000 0.000000
722 0.800000 0.300000 0.100000
723 0.800000 0.300000 0.200000
724 0.700000 0.200000 0.300000
725 0.800000 0.200000 0.300000
726 0.800000 0.300000 0.300000
727 0.700000 0.300000 0.300000
728 0.700000 0.200000 0.400000
729 0.800000 0.200000 0.400000
730 0.800000 0.300000 0.400000
731 0.700000 0.300000 0.400000
732 0.700000 0.200000 0.500000
733 0.800000 0.200000 0.500000
734 0.800000 0.300000 0.500000
735 0.700000 0.300000 0.500000
736 0.700000 0.200000 0.600000
737 0.800000 0.200000 0.600000
738 0.800000 0.300000 0.600000
739 0.700000 0.300000 0.600000
740 0.700000 0.200000 0.700000
741 0.800000 0.200000 0.700000
742 0.800000 0.300000 0.700000
743 0.700000 0.300000 0.700000
744 0.700000 0.200000 0.800000
745 0.800000 0.200000 0.800000
746 0.800000 0.300000 0.800000
747 0.700000 0.300000 0.800000
748 0.700000 0.200000 0.900000
749 0.800000 0.200000 0.900000
750 0.800000 0.300000 0.900000
751 0.700000 0.300000 0.900000
752 0.800000 0.400000 0.000000
753 0.800000 0.400000 0.100000
754 0.800000 0.400000 0.200000
755 0.800000 0.500000 0.000000
756 0.800000 0.500000 0.100000
757 0.800000 0.500000 0.200000
758 0.700000 0.400000 0.300000
759 0.800000 0.400000 0.300000
760 0.800000 0.500000 0.300000
761 0.700000 0.500000 0.300000
762 0.700000 0.400000 0.400000
763 0.800000 0.400000 0.400000
764 0.800000 0.500000 0.400000
765 0.700000 0.500000 0.400000
766 0.700000 0.400000 0.500000
767 0.800000 0.400000 0.500000
768 0.800000 0.500000 0.500000
769 0.700000 0.500000 0.500000
770 0.700000 0.400000 0.600000
771 0.800000 0.400000 0.600000
772 0.800000 0.500000 0.600000
773 0.700000 0.500000 0.600000
774 0.700000 0.400000 0.700000
775 0.800000 0.400000 0.700000
776 0.800000 0.500000 0.700000
777 0.700000 0.500000 0.700000
778 0.700000 0.400000 0.800000
779 0.800000 0.400000 0.800000
780 0.800000 0.500000 0.800000
781 0.700000 0.500000 0.800000
782 0.700000 0.400000 0.900000
783 0.800000 0.400000 0.900000
784 0.800000 0.500000 0.900000
785 0.700000 0.500000 0.900000
786 0.800000 0.600000 0.000000
787 0.800000 0.600000 0.100000
788 0.800000 0.600000 0.200000
789 0.800000 0.700000 0.000000
790 0.800000 0.700000 0.100000
791 0.800000 0.700000 0.200000
792 0.800000 0.800000 0.000000
793 0.800000 0.800000 0.100000
794 0.800000 0.800000 0.200000
795 0.700000 0.700000 0.300000
796 0.800000 0.700000 0.300000
797 0.800000 0.800000 0.300000
798 0.700000 0.800000 0.300000
799 0.700000 0.700000 0.400000
800 0.800000 0.700000 0.400000
801 0.800000 0.800000 0.400000
802 0.700000 0.800000 0.400000
803 0.700000 0.700000 0.500000
804 0.800000 0.700000 0.500000
805 0.800000 0.800000 0.500000
806 0.700000 0.800000 0.500000
807 0.700000 0.700000 0.600000
808 0.800000 0.700000 0.600000
809 0.800000 0.800000 0.600000
810 0.700000 0.800000 0.600000
811 0.700000 0.700000 0.700000
812 0.800000 0.700000 0.700000
813 0.800000 0.800000 0.700000
814 0.700000 0.800000 0.700000
815 0.700000 0.700000 0.800000
816 0.800000 0.700000 0.800000
817 0.800000 0.800000 0.800000
818 0.700000 0.800000 0.800000
819 0.700000 0.700000 0.900000
820 0.800000 0.700000 0.900000
821 0.800000 0.800000 0.900000
822 0.700000 0.800000 0.900000
823 0.800000 0.900000 0.000000
824 0.800000 0.900000 0.100000
825 0.800000 0.900000 0.200000
826 0.800000 1.000000 0.000000
827 0.800000 1.000000 0.100000
828 0.800000 1.000000 0.200000
829 0.700000 0.900000 0.300000
830 0.800000 0.900000 0.300000
831 0.800000 1.000000 0.300000
832 0.700000 1.000000 0.300000
833 0.700000 0.900000 0.400000
834 0.800000 0.900000 0.400000
835 0.800000 1.000000 0.400000
836 0.700000 1.000000 0.400000
837 0.700000 0.900000 0.500000
838 0.800000 0.900000 0.500000
839 0.800000 1.000000 0.500000
840 0.700000 1.000000 0.500000
841 0.700000 0.900000 0.600000
842 0.800000 0.900000 0.600000
843 0.800000 1.000000 0.600000
844 0.700000 1.000000 0.600000
845 0.700000 0.900000 0.700000
846 0.800000 0.900000 0.700000
847 0.800000 1.000000 0.700000
848 0.700000 1.000000 0.700000
849 0.700000 0.900000 0.800000
850 0.800000 0.900000 0.800000
851 0.800000 1.000000 0.800000
852 0.700000 1.000000 0.800000
853 0.700000 0.900000 0.900000
854 0.800000 0.900000 0.900000
855 0.800000 1.000000 0.900000
856 0.700000 1.000000 0.900000
857 0.900000 0.000000 0.000000
858 0.900000 0.100000 0.000000
859 0.900000 0.000000 0.100000
860 0.900000 0.100000 0.100000
861 0.900000 0.000000 0.200000
862 0.900000 0.100000 0.200000
863 0.900000 0.200000 0.000000
864 0.900000 0.200000 0.100000
865 0.900000 0.200000 0.200000
866 0.900000 0.300000 0.000000
867 0.900000 0.300000 0.100000
868 0.900000 0.300000 0.200000
869 0.900000 0.400000 0.000000
870 0.900000 0.400000 0.100000
871 0.900000 0.400000 0.200000
872 0.900000 0.500000 0.000000
873 0.900000 0.500000 0.100000
874 0.900000 0.500000 0.200000
875 0.900000 0.600000 0.000000
876 0.900000 0.600000 0.100000
877 0.900000 0.600000 0.200000
878 0.900000 0.700000 0.000000
879 0.900000 0.700000 0.100000
880 0.900000 0.700000 0.200000
881 0.900000 0.800000 0.000000
882 0.900000 0.800000 0.100000
883 0.900000 0.800000 0.200000
884 0.900000 0.900000 0.000000
885 0.900000 0.900000 0.100000
886 0.900000 0.900000 0.200000
887 0.900000 1.000000 0.000000
888 0.900000 1.000000 0.100000
889 0.900000 1.000000 0.200000
890 1.000000 0.000000 0.000000
891 1.000000 0.100000 0.000000
892 1.000000 0.000000 0.100000
893 1.000000 0.100000 0.100000
894 1.000000 0.000000 0.200000
895 1.000000 0.100000 0.200000
896 0.900000 0.000000 0.300000
897 1.000000 0.000000 0.300000
898 1.000000 0.100000 0.300000
899 0.900000 0.100000 0.300000
900 0.900000 0.000000 0.400000
901 1.000000 0.000000 0.400000
902 1.000000 0.100000 0.400000
903 0.900000 0.100000 0.400000
904 0.900000 0.000000 0.500000
905 1.000000 0.000000 0.500000
906 1.000000 0.100000 0.500000
907 0.900000 0.100000 0.500000
908 0.900000 0.000000 0.600000
909 1.000000 0.000000 0.600000
910 1.000000 0.100000 0.600000
911 0.900000 0.100000 0.600000
912 0.900000 0.000000 0.700000
913 1.000000 0.000000 0.700000
914 1.000000 0.100000 0.700000
915 0.900000 0.100000 0.700000
916 0.900000 0.000000 0.800000
917 1.000000 0.000000 0.800000
918 1.000000 0.100000 0.800000
919 0.900000 0.100000 0.800000
920 0.900000 0.000000 0.900000
921 1.000000 0.000000 0.900000
922 1.000000 0.100000 0.900000
923 0.900000 0.100000 0.900000
924 1.000000 0.200000 0.000000
925 1.000000 0.200000 0.100000
926 1.000000 0.200000 0.200000
927 1.000000 0.300000 0.000000
928 1.000000 0.300000 0.100000
929 1.000000 0.300000 0.200000
930 0.900000 0.200000 0.300000
931 1.000000 0.200000 0.300000
932 1.000000 0.300000 0.300000
933 0.900000 0.300000 0.300000
934 0.900000 0.200000 0.400000
935 1.000000 0.200000 0.400000
936 1.000000 0.300000 0.400000
937 0.900000 0.300000 0.400000
938 0.900000 0.200000 0.500000
939 1.000000 0.200000 0.500000
940 1.000000 0.300000 0.500000
941 0.900000 0.300000 0.500000
942 0.900000 0.200000 0.600000
943 1.000000 0.200000 0.600000
944 1.000000 0.300000 0.600000
945 0.900000 0.300000 0.600000
946 0.900000 0.200000 0.700000
947 1.000000 0.200000 0.700000
948 1.000000 0.300000 0.700000
949 0.900000 0.300000 0.700000
950 0.900000 0.200000 0.800000
951 1.000000 0.200000 0.800000
952 1.000000 0.300000 0.800000
953 0.900000 0.300000 0.800000
954 0.900000 0.200000 0.900000
955 1.000000 0.200000 0.900000
956 1.000000 0.300000 0.900000
957 0.900000 0.300000 0.900000
958 1.000000 0.400000 0.000000
959 1.000000 0.400000 0.100000
960 1.000000 0.400000 0.200000
961 1.000000 0.500000 0.000000
962 1.000000 0.500000 0.100000
963 1.000000 0.500000 0.200000
964 0.900000 0.400000 0.300000
965 1.000000 0.400000 0.300000
966 1.000000 0.500000 0.300000
967 0.900000 0.500000 0.300000
968 0.900000 0.400000 0.400000
969 1.000000 0.400000 0.400000
970 1.000000 0.500000 0.400000
971 0.900000 0.500000 0.400000
972 0.900000 0.400000 0.500000
973 1.000000 0.400000 0.500000
974 1.000000 0.500000 0.500000
975 0.900000 0.500000 0.500000
976 0.900000 0.400000 0.600000
977 1.000000 0.400000 0.600000
978 1.000000 0.500000 0.600000
979 0.900000 0.500000 0.600000
980 0.900000 0.400000 0.700000
981 1.000000 0.400000 0.700000
982 1.000000 0.500000 0.700000
983 0.900000 0.500000 0.700000
984 0.900000 0.400000 0.800000
985 1.000000 0.400000 0.800000
986 1.000000 0.500000 0.800000
987 0.900000 0.500000 0.800000
988 0.900000 0.400000 0.900000
989 1.000000 0.400000 0.900000
990 1.000000 0.500000 0.900000
991 0.900000 0.500000 0.900000
992 1.000000 0.600000 0.000000
993 1.000000 0.600000 0.100000
994 1.000000 0.600000 0.200000
995 1.000000 0.700000 0.000000
996 1.000000 0.700000 0.100000
997 1.000000 0.700000 0.200000
998 1.000000 0.800000 0.000000
999 1.000000 0.800000 0.100000
1000 1.000000 0.800000 0.200000
1001 0.900000 0.700000 0.300000
1002 1.000000 0.700000 0.300000
1003 1.000000 0.800000 0.300000
1004 0.900000 0.800000 0.300000
1005 0.900000 0.700000 0.400000
1006 1.000000 0.700000 0.400000
1007 1.000000 0.800000 0.400000
1008 0.900000 0.800000 0.400000
1009 0.900000 0.700000 0.500000
1010 1.000000 0.700000 0.500000
1011 1.000000 0.800000 0.500000
1012 0.900000 0.800000 0.500000
1013 0.900000 0.700000 0.600000
1014 1.000000 0.700000 0.600000
1015 1.000000 0.800000 0.600000
1016 0.900000 0.800000 0.600000
1017 0.900000 0.700000 0.700000
1018 1.000000 0.700000 0.700000
1019 1.000000 0.800000 0.700000
1020 0.900000 0.800000 0.700000
1021 0.900000 0.700000 0.800000
1022 1.000000 0.700000 0.800000
1023 1.000000 0.800000 0.800000
1024 0.900000 0.800000 0.800000
1025 0.900000 0.700000 0.900000
1026 1.000000 0.700000 0.900000
1027 1.000000 0.800000 0.900000
1028 0.900000 0.800000 0.900000
1029 1.000000 0.900000 0.000000
1030 1.000000 0.900000 0.100000
1031 1.000000 0.900000 0.200000
1032 1.000000 1.000000 0.000000
1033 1.000000 1.000000 0.100000
1034 1.000000 1.000000 0.200000
1035 0.900000 0.900000 0.300000
1036 1.000000 0.900000 0.300000
1037 1.000000 1.000000 0.300000
1038 0.900000 1.000000 0.300000
1039 0.900000 0.900000 0.400000
1040 1.000000 0.900000 0.400000
1041 1.000000 1.000000 0.400000
1042 0.900000 1.000000 0.400000
1043 0.900000 0.900000 0.500000
1044 1.000000 0.900000 0.500000
1045 1.000000 1.000000 0.500000
1046 0.900000 1.000000 0.500000
1047 0.900000 0.900000 0.600000
1048 1.000000 0.900000 0.600000
1049 1.000000 1.000000 0.600000
1050 0.900000 1.000000 0.600000
1051 0.900000 0.900000 0.700000
1052 1.000000 0.900000 0.700000
1053 1.000000 1.000000 0.700000
1054 0.900000 1.000000 0.700000
1055 0.900000 0.900000 0.800000
1056 1.000000 0.900000 0.800000
1057 1.000000 1.000000 0.800000
1058 0.900000 1.000000 0.800000
1059 0.900000 0.900000 0.900000
1060 1.000000 0.900000 0.900000
1061 1.000000 1.000000 0.900000
1062 0.900000 1.000000 0.900000
