# QuadID Node1 Node2 Node3 Node4
0 0 1 2 3
1 3 2 20 21
2 21 20 30 31
3 31 30 40 41
4 1 50 51 2
5 2 51 60 20
6 20 60 65 30
7 30 65 70 40
8 50 75 76 51
9 51 76 85 60
10 60 85 90 65
11 65 90 95 70
12 75 100 101 76
13 76 101 110 85
14 85 110 115 90
15 90 115 120 95
16 41 40 925 926
17 926 925 935 936
18 936 935 945 946
19 946 945 955 956
20 40 70 965 925
21 925 965 970 935
22 935 970 975 945
23 945 975 980 955
24 70 95 985 965
25 965 985 990 970
26 970 990 995 975
27 975 995 1000 980
28 95 120 1005 985
29 985 1005 1010 990
30 990 1010 1015 995
31 995 1015 1020 1000
32 956 955 1105 1106
33 1106 1105 1115 1116
34 1116 1115 1125 1126
35 1126 1125 1135 1136
36 955 980 1145 1105
37 1105 1145 1150 1115
38 1115 1150 1155 1125
39 1125 1155 1160 1135
40 980 1000 1165 1145
41 1145 1165 1170 1150
42 1150 1170 1175 1155
43 1155 1175 1180 1160
44 1000 1020 1185 1165
45 1165 1185 1190 1170
46 1170 1190 1195 1175
47 1175 1195 1200 1180
48 1136 1135 1985 1986
49 1986 1985 1995 1996
50 1996 1995 2005 2006
51 2006 2005 2015 2016
52 1135 1160 2025 1985
53 1985 2025 2030 1995
54 1995 2030 2035 2005
55 2005 2035 2040 2015
56 1160 1180 2045 2025
57 2025 2045 2050 2030
58 2030 2050 2055 2035
59 2035 2055 2060 2040
60 1180 1200 2065 2045
61 2045 2065 2070 2050
62 2050 2070 2075 2055
63 2055 2075 2080 2060
64 2016 2015 2165 2166
65 2166 2165 2175 2176
66 2176 2175 2185 2186
67 2186 2185 2195 2196
68 2015 2040 2205 2165
69 2165 2205 2210 2175
70 2175 2210 2215 2185
71 2185 2215 2220 2195
72 2040 2060 2225 2205
73 2205 2225 2230 2210
74 2210 2230 2235 2215
75 2215 2235 2240 2220
76 2060 2080 2245 2225
77 2225 2245 2250 2230
78 2230 2250 2255 2235
79 2235 2255 2260 2240
80 2196 2195 3045 3046
81 3046 3045 3055 3056
82 3056 3055 3065 3066
83 3066 3065 3075 3076
84 2195 2220 3085 3045
85 3045 3085 3090 3055
86 3055 3090 3095 3065
87 3065 3095 3100 3075
88 2220 2240 3105 3085
89 3085 3105 3110 3090
90 3090 3110 3115 3095
91 3095 3115 3120 3100
92 2240 2260 3125 3105
93 3105 3125 3130 3110
94 3110 3130 3135 3115
95 3115 3135 3140 3120
96 3076 3075 3225 3226
97 3226 3225 3235 3236
98 3236 3235 3245 3246
99 3246 3245 3255 3256
100 3075 3100 3265 3225
101 3225 3265 3270 3235
102 3235 3270 3275 3245
103 3245 3275 3280 3255
104 3100 3120 3285 3265
105 3265 3285 3290 3270
106 3270 3290 3295 3275
107 3275 3295 3300 3280
108 3120 3140 3305 3285
109 3285 3305 3310 3290
110 3290 3310 3315 3295
111 3295 3315 3320 3300
112 3256 3255 3405 3406
113 3406 3405 3415 3416
114 3416 3415 3425 3426
115 3426 3425 3435 3436
116 3255 3280 3445 3405
117 3405 3445 3450 3415
118 3415 3450 3455 3425
119 3425 3455 3460 3435
120 3280 3300 3465 3445
121 3445 3465 3470 3450
122 3450 3470 3475 3455
123 3455 3475 3480 3460
124 3300 3320 3485 3465
125 3465 3485 3490 3470
126 3470 3490 3495 3475
127 3475 3495 3500 3480
128 3436 3435 4285 4286
129 4286 4285 4295 4296
130 4296 4295 4305 4306
131 4306 4305 4315 4316
132 3435 3460 4325 4285
133 4285 4325 4330 4295
134 4295 4330 4335 4305
135 4305 4335 4340 4315
136 3460 3480 4345 4325
137 4325 4345 4350 4330
138 4330 4350 4355 4335
139 4335 4355 4360 4340
140 3480 3500 4365 4345
141 4345 4365 4370 4350
142 4350 4370 4375 4355
143 4355 4375 4380 4360
144 4316 4315 4465 4466
145 4466 4465 4475 4476
146 4476 4475 4485 4486
147 4486 4485 4495 4496
148 4315 4340 4505 4465
149 4465 4505 4510 4475
150 4475 4510 4515 4485
151 4485 4515 4520 4495
152 4340 4360 4525 4505
153 4505 4525 4530 4510
154 4510 4530 4535 4515
155 4515 4535 4540 4520
156 4360 4380 4545 4525
157 4525 4545 4550 4530
158 4530 4550 4555 4535
159 4535 4555 4560 4540
160 100 5345 5346 101
161 101 5346 5355 110
162 110 5355 5360 115
163 115 5360 5365 120
164 5345 5370 5371 5346
165 5346 5371 5380 5355
166 5355 5380 5385 5360
167 5360 5385 5390 5365
168 5370 5395 5396 5371
169 5371 5396 5405 5380
170 5380 5405 5410 5385
171 5385 5410 5415 5390
172 5395 5420 5421 5396
173 5396 5421 5430 5405
174 5405 5430 5435 5410
175 5410 5435 5440 5415
176 120 5365 5525 1005
177 1005 5525 5530 1010
178 1010 5530 5535 1015
179 1015 5535 5540 1020
180 5365 5390 5545 5525
181 5525 5545 5550 5530
182 5530 5550 5555 5535
183 5535 5555 5560 5540
184 5390 5415 5565 5545
185 5545 5565 5570 5550
186 5550 5570 5575 5555
187 5555 5575 5580 5560
188 5415 5440 5585 5565
189 5565 5585 5590 5570
190 5570 5590 5595 5575
191 5575 5595 5600 5580
192 1020 5540 5669 1185
193 1185 5669 5674 1190
194 1190 5674 5679 1195
195 1195 5679 5684 1200
196 5540 5560 5689 5669
197 5669 5689 5694 5674
198 5674 5694 5699 5679
199 5679 5699 5704 5684
200 5560 5580 5709 5689
201 5689 5709 5714 5694
202 5694 5714 5719 5699
203 5699 5719 5724 5704
204 5580 5600 5729 5709
205 5709 5729 5734 5714
206 5714 5734 5739 5719
207 5719 5739 5744 5724
208 1200 5684 5813 2065
209 2065 5813 5818 2070
210 2070 5818 5823 2075
211 2075 5823 5828 2080
212 5684 5704 5833 5813
213 5813 5833 5838 5818
214 5818 5838 5843 5823
215 5823 5843 5848 5828
216 5704 5724 5853 5833
217 5833 5853 5858 5838
218 5838 5858 5863 5843
219 5843 5863 5868 5848
220 5724 5744 5873 5853
221 5853 5873 5878 5858
222 5858 5878 5883 5863
223 5863 5883 5888 5868
224 2080 5828 5957 2245
225 2245 5957 5962 2250
226 2250 5962 5967 2255
227 2255 5967 5972 2260
228 5828 5848 5977 5957
229 5957 5977 5982 5962
230 5962 5982 5987 5967
231 5967 5987 5992 5972
232 5848 5868 5997 5977
233 5977 5997 6002 5982
234 5982 6002 6007 5987
235 5987 6007 6012 5992
236 5868 5888 6017 5997
237 5997 6017 6022 6002
238 6002 6022 6027 6007
239 6007 6027 6032 6012
240 2260 5972 6101 3125
241 3125 6101 6106 3130
242 3130 6106 6111 3135
243 3135 6111 6116 3140
244 5972 5992 6121 6101
245 6101 6121 6126 6106
246 6106 6126 6131 6111
247 6111 6131 6136 6116
248 5992 6012 6141 6121
249 6121 6141 6146 6126
250 6126 6146 6151 6131
251 6131 6151 6156 6136
252 6012 6032 6161 6141
253 6141 6161 6166 6146
254 6146 6166 6171 6151
255 6151 6171 6176 6156
256 3140 6116 6245 3305
257 3305 6245 6250 3310
258 3310 6250 6255 3315
259 3315 6255 6260 3320
260 6116 6136 6265 6245
261 6245 6265 6270 6250
262 6250 6270 6275 6255
263 6255 6275 6280 6260
264 6136 6156 6285 6265
265 6265 6285 6290 6270
266 6270 6290 6295 6275
267 6275 6295 6300 6280
268 6156 6176 6305 6285
269 6285 6305 6310 6290
270 6290 6310 6315 6295
271 6295 6315 6320 6300
272 3320 6260 6389 3485
273 3485 6389 6394 3490
274 3490 6394 6399 3495
275 3495 6399 6404 3500
276 6260 6280 6409 6389
277 6389 6409 6414 6394
278 6394 6414 6419 6399
279 6399 6419 6424 6404
280 6280 6300 6429 6409
281 6409 6429 6434 6414
282 6414 6434 6439 6419
283 6419 6439 6444 6424
284 6300 6320 6449 6429
285 6429 6449 6454 6434
286 6434 6454 6459 6439
287 6439 6459 6464 6444
288 3500 6404 6533 4365
289 4365 6533 6538 4370
290 4370 6538 6543 4375
291 4375 6543 6548 4380
292 6404 6424 6553 6533
293 6533 6553 6558 6538
294 6538 6558 6563 6543
295 6543 6563 6568 6548
296 6424 6444 6573 6553
297 6553 6573 6578 6558
298 6558 6578 6583 6563
299 6563 6583 6588 6568
300 6444 6464 6593 6573
301 6573 6593 6598 6578
302 6578 6598 6603 6583
303 6583 6603 6608 6588
304 4380 6548 6677 4545
305 4545 6677 6682 4550
306 4550 6682 6687 4555
307 4555 6687 6692 4560
308 6548 6568 6697 6677
309 6677 6697 6702 6682
310 6682 6702 6707 6687
311 6687 6707 6712 6692
312 6568 6588 6717 6697
313 6697 6717 6722 6702
314 6702 6722 6727 6707
315 6707 6727 6732 6712
316 6588 6608 6737 6717
317 6717 6737 6742 6722
318 6722 6742 6747 6727
319 6727 6747 6752 6732
320 5420 6821 6822 5421
321 5421 6822 6831 5430
322 5430 6831 6836 5435
323 5435 6836 6841 5440
324 6821 6846 6847 6822
325 6822 6847 6856 6831
326 6831 6856 6861 6836
327 6836 6861 6866 6841
328 6846 6871 6872 6847
329 6847 6872 6881 6856
330 6856 6881 6886 6861
331 6861 6886 6891 6866
332 6871 6896 6897 6872
333 6872 6897 6906 6881
334 6881 6906 6911 6886
335 6886 6911 6916 6891
336 5440 6841 7701 5585
337 5585 7701 7706 5590
338 5590 7706 7711 5595
339 5595 7711 7716 5600
340 6841 6866 7721 7701
341 7701 7721 7726 7706
342 7706 7726 7731 7711
343 7711 7731 7736 7716
344 6866 6891 7741 7721
345 7721 7741 7746 7726
346 7726 7746 7751 7731
347 7731 7751 7756 7736
348 6891 6916 7761 7741
349 7741 7761 7766 7746
350 7746 7766 7771 7751
351 7751 7771 7776 7756
352 5600 7716 7845 5729
353 5729 7845 7850 5734
354 5734 7850 7855 5739
355 5739 7855 7860 5744
356 7716 7736 7865 7845
357 7845 7865 7870 7850
358 7850 7870 7875 7855
359 7855 7875 7880 7860
360 7736 7756 7885 7865
361 7865 7885 7890 7870
362 7870 7890 7895 7875
363 7875 7895 7900 7880
364 7756 7776 7905 7885
365 7885 7905 7910 7890
366 7890 7910 7915 7895
367 7895 7915 7920 7900
368 5744 7860 8689 5873
369 5873 8689 8694 5878
370 5878 8694 8699 5883
371 5883 8699 8704 5888
372 7860 7880 8709 8689
373 8689 8709 8714 8694
374 8694 8714 8719 8699
375 8699 8719 8724 8704
376 7880 7900 8729 8709
377 8709 8729 8734 8714
378 8714 8734 8739 8719
379 8719 8739 8744 8724
380 7900 7920 8749 8729
381 8729 8749 8754 8734
382 8734 8754 8759 8739
383 8739 8759 8764 8744
384 5888 8704 8833 6017
385 6017 8833 8838 6022
386 6022 8838 8843 6027
387 6027 8843 8848 6032
388 8704 8724 8853 8833
389 8833 8853 8858 8838
390 8838 8858 8863 8843
391 8843 8863 8868 8848
392 8724 8744 8873 8853
393 8853 8873 8878 8858
394 8858 8878 8883 8863
395 8863 8883 8888 8868
396 8744 8764 8893 8873
397 8873 8893 8898 8878
398 8878 8898 8903 8883
399 8883 8903 8908 8888
400 6032 8848 9677 6161
401 6161 9677 9682 6166
402 6166 9682 9687 6171
403 6171 9687 9692 6176
404 8848 8868 9697 9677
405 9677 9697 9702 9682
406 9682 9702 9707 9687
407 9687 9707 9712 9692
408 8868 8888 9717 9697
409 9697 9717 9722 9702
410 9702 9722 9727 9707
411 9707 9727 9732 9712
412 8888 8908 9737 9717
413 9717 9737 9742 9722
414 9722 9742 9747 9727
415 9727 9747 9752 9732
416 6176 9692 9821 6305
417 6305 9821 9826 6310
418 6310 9826 9831 6315
419 6315 9831 9836 6320
420 9692 9712 9841 9821
421 9821 9841 9846 9826
422 9826 9846 9851 9831
423 9831 9851 9856 9836
424 9712 9732 9861 9841
425 9841 9861 9866 9846
426 9846 9866 9871 9851
427 9851 9871 9876 9856
428 9732 9752 9881 9861
429 9861 9881 9886 9866
430 9866 9886 9891 9871
431 9871 9891 9896 9876
432 6320 9836 9965 6449
433 6449 9965 9970 6454
434 6454 9970 9975 6459
435 6459 9975 9980 6464
436 9836 9856 9985 9965
437 9965 9985 9990 9970
438 9970 9990 9995 9975
439 9975 9995 10000 9980
440 9856 9876 10005 9985
441 9985 10005 10010 9990
442 9990 10010 10015 9995
443 9995 10015 10020 10000
444 9876 9896 10025 10005
445 10005 10025 10030 10010
446 10010 10030 10035 10015
447 10015 10035 10040 10020
448 6464 9980 10809 6593
449 6593 10809 10814 6598
450 6598 10814 10819 6603
451 6603 10819 10824 6608
452 9980 10000 10829 10809
453 10809 10829 10834 10814
454 10814 10834 10839 10819
455 10819 10839 10844 10824
456 10000 10020 10849 10829
457 10829 10849 10854 10834
458 10834 10854 10859 10839
459 10839 10859 10864 10844
460 10020 10040 10869 10849
461 10849 10869 10874 10854
462 10854 10874 10879 10859
463 10859 10879 10884 10864
464 6608 10824 10953 6737
465 6737 10953 10958 6742
466 6742 10958 10963 6747
467 6747 10963 10968 6752
468 10824 10844 10973 10953
469 10953 10973 10978 10958
470 10958 10978 10983 10963
471 10963 10983 10988 10968
472 10844 10864 10993 10973
473 10973 10993 10998 10978
474 10978 10998 11003 10983
475 10983 11003 11008 10988
476 10864 10884 11013 10993
477 10993 11013 11018 10998
478 10998 11018 11023 11003
479 11003 11023 11028 11008
480 6896 11797 11798 6897
481 6897 11798 11807 6906
482 6906 11807 11812 6911
483 6911 11812 11817 6916
484 11797 11822 11823 11798
485 11798 11823 11832 11807
486 11807 11832 11837 11812
487 11812 11837 11842 11817
488 11822 11847 11848 11823
489 11823 11848 11857 11832
490 11832 11857 11862 11837
491 11837 11862 11867 11842
492 11847 11872 11873 11848
493 11848 11873 11882 11857
494 11857 11882 11887 11862
495 11862 11887 11892 11867
496 6916 11817 11977 7761
497 7761 11977 11982 7766
498 7766 11982 11987 7771
499 7771 11987 11992 7776
500 11817 11842 11997 11977
501 11977 11997 12002 11982
502 11982 12002 12007 11987
503 11987 12007 12012 11992
504 11842 11867 12017 11997
505 11997 12017 12022 12002
506 12002 12022 12027 12007
507 12007 12027 12032 12012
508 11867 11892 12037 12017
509 12017 12037 12042 12022
510 12022 12042 12047 12027
511 12027 12047 12052 12032
512 7776 11992 12121 7905
513 7905 12121 12126 7910
514 7910 12126 12131 7915
515 7915 12131 12136 7920
516 11992 12012 12141 12121
517 12121 12141 12146 12126
518 12126 12146 12151 12131
519 12131 12151 12156 12136
520 12012 12032 12161 12141
521 12141 12161 12166 12146
522 12146 12166 12171 12151
523 12151 12171 12176 12156
524 12032 12052 12181 12161
525 12161 12181 12186 12166
526 12166 12186 12191 12171
527 12171 12191 12196 12176
528 7920 12136 12265 8749
529 8749 12265 12270 8754
530 8754 12270 12275 8759
531 8759 12275 12280 8764
532 12136 12156 12285 12265
533 12265 12285 12290 12270
534 12270 12290 12295 12275
535 12275 12295 12300 12280
536 12156 12176 12305 12285
537 12285 12305 12310 12290
538 12290 12310 12315 12295
539 12295 12315 12320 12300
540 12176 12196 12325 12305
541 12305 12325 12330 12310
542 12310 12330 12335 12315
543 12315 12335 12340 12320
544 8764 12280 12409 8893
545 8893 12409 12414 8898
546 8898 12414 12419 8903
547 8903 12419 12424 8908
548 12280 12300 12429 12409
549 12409 12429 12434 12414
550 12414 12434 12439 12419
551 12419 12439 12444 12424
552 12300 12320 12449 12429
553 12429 12449 12454 12434
554 12434 12454 12459 12439
555 12439 12459 12464 12444
556 12320 12340 12469 12449
557 12449 12469 12474 12454
558 12454 12474 12479 12459
559 12459 12479 12484 12464
560 8908 12424 12553 9737
561 9737 12553 12558 9742
562 9742 12558 12563 9747
563 9747 12563 12568 9752
564 12424 12444 12573 12553
565 12553 12573 12578 12558
566 12558 12578 12583 12563
567 12563 12583 12588 12568
568 12444 12464 12593 12573
569 12573 12593 12598 12578
570 12578 12598 12603 12583
571 12583 12603 12608 12588
572 12464 12484 12613 12593
573 12593 12613 12618 12598
574 12598 12618 12623 12603
575 12603 12623 12628 12608
576 9752 12568 12697 9881
577 9881 12697 12702 9886
578 9886 12702 12707 9891
579 9891 12707 12712 9896
580 12568 12588 12717 12697
581 12697 12717 12722 12702
582 12702 12722 12727 12707
583 12707 12727 12732 12712
584 12588 12608 12737 12717
585 12717 12737 12742 12722
586 12722 12742 12747 12727
587 12727 12747 12752 12732
588 12608 12628 12757 12737
589 12737 12757 12762 12742
590 12742 12762 12767 12747
591 12747 12767 12772 12752
592 9896 12712 12841 10025
593 10025 12841 12846 10030
594 10030 12846 12851 10035
595 10035 12851 12856 10040
596 12712 12732 12861 12841
597 12841 12861 12866 12846
598 12846 12866 12871 12851
599 12851 12871 12876 12856
600 12732 12752 12881 12861
601 12861 12881 12886 12866
602 12866 12886 12891 12871
603 12871 12891 12896 12876
604 12752 12772 12901 12881
605 12881 12901 12906 12886
606 12886 12906 12911 12891
607 12891 12911 12916 12896
608 10040 12856 12985 10869
609 10869 12985 12990 10874
610 10874 12990 12995 10879
611 10879 12995 13000 10884
612 12856 12876 13005 12985
613 12985 13005 13010 12990
614 12990 13010 13015 12995
615 12995 13015 13020 13000
616 12876 12896 13025 13005
617 13005 13025 13030 13010
618 13010 13030 13035 13015
619 13015 13035 13040 13020
620 12896 12916 13045 13025
621 13025 13045 13050 13030
622 13030 13050 13055 13035
623 13035 13055 13060 13040
624 10884 13000 13129 11013
625 11013 13129 13134 11018
626 11018 13134 13139 11023
627 11023 13139 13144 11028
628 13000 13020 13149 13129
629 13129 13149 13154 13134
630 13134 13154 13159 13139
631 13139 13159 13164 13144
632 13020 13040 13169 13149
633 13149 13169 13174 13154
634 13154 13174 13179 13159
635 13159 13179 13184 13164
636 13040 13060 13189 13169
637 13169 13189 13194 13174
638 13174 13194 13199 13179
639 13179 13199 13204 13184
640 11872 13273 13274 11873
641 11873 13274 13283 11882
642 11882 13283 13288 11887
643 11887 13288 13293 11892
644 13273 13298 13299 13274
645 13274 13299 13308 13283
646 13283 13308 13313 13288
647 13288 13313 13318 13293
648 13298 13323 13324 13299
649 13299 13324 13333 13308
650 13308 13333 13338 13313
651 13313 13338 13343 13318
652 13323 13348 13349 13324
653 13324 13349 13358 13333
654 13333 13358 13363 13338
655 13338 13363 13368 13343
656 11892 13293 14153 12037
657 12037 14153 14158 12042
658 12042 14158 14163 12047
659 12047 14163 14168 12052
660 13293 13318 14173 14153
661 14153 14173 14178 14158
662 14158 14178 14183 14163
663 14163 14183 14188 14168
664 13318 13343 14193 14173
665 14173 14193 14198 14178
666 14178 14198 14203 14183
667 14183 14203 14208 14188
668 13343 13368 14213 14193
669 14193 14213 14218 14198
670 14198 14218 14223 14203
671 14203 14223 14228 14208
672 12052 14168 14297 12181
673 12181 14297 14302 12186
674 12186 14302 14307 12191
675 12191 14307 14312 12196
676 14168 14188 14317 14297
677 14297 14317 14322 14302
678 14302 14322 14327 14307
679 14307 14327 14332 14312
680 14188 14208 14337 14317
681 14317 14337 14342 14322
682 14322 14342 14347 14327
683 14327 14347 14352 14332
684 14208 14228 14357 14337
685 14337 14357 14362 14342
686 14342 14362 14367 14347
687 14347 14367 14372 14352
688 12196 14312 15141 12325
689 12325 15141 15146 12330
690 12330 15146 15151 12335
691 12335 15151 15156 12340
692 14312 14332 15161 15141
693 15141 15161 15166 15146
694 15146 15166 15171 15151
695 15151 15171 15176 15156
696 14332 14352 15181 15161
697 15161 15181 15186 15166
698 15166 15186 15191 15171
699 15171 15191 15196 15176
700 14352 14372 15201 15181
701 15181 15201 15206 15186
702 15186 15206 15211 15191
703 15191 15211 15216 15196
704 12340 15156 15285 12469
705 12469 15285 15290 12474
706 12474 15290 15295 12479
707 12479 15295 15300 12484
708 15156 15176 15305 15285
709 15285 15305 15310 15290
710 15290 15310 15315 15295
711 15295 15315 15320 15300
712 15176 15196 15325 15305
713 15305 15325 15330 15310
714 15310 15330 15335 15315
715 15315 15335 15340 15320
716 15196 15216 15345 15325
717 15325 15345 15350 15330
718 15330 15350 15355 15335
719 15335 15355 15360 15340
720 12484 15300 16129 12613
721 12613 16129 16134 12618
722 12618 16134 16139 12623
723 12623 16139 16144 12628
724 15300 15320 16149 16129
725 16129 16149 16154 16134
726 16134 16154 16159 16139
727 16139 16159 16164 16144
728 15320 15340 16169 16149
729 16149 16169 16174 16154
730 16154 16174 16179 16159
731 16159 16179 16184 16164
732 15340 15360 16189 16169
733 16169 16189 16194 16174
734 16174 16194 16199 16179
735 16179 16199 16204 16184
736 12628 16144 16273 12757
737 12757 16273 16278 12762
738 12762 16278 16283 12767
739 12767 16283 16288 12772
740 16144 16164 16293 16273
741 16273 16293 16298 16278
742 16278 16298 16303 16283
743 16283 16303 16308 16288
744 16164 16184 16313 16293
745 16293 16313 16318 16298
746 16298 16318 16323 16303
747 16303 16323 16328 16308
748 16184 16204 16333 16313
749 16313 16333 16338 16318
750 16318 16338 16343 16323
751 16323 16343 16348 16328
752 12772 16288 16417 12901
753 12901 16417 16422 12906
754 12906 16422 16427 12911
755 12911 16427 16432 12916
756 16288 16308 16437 16417
757 16417 16437 16442 16422
758 16422 16442 16447 16427
759 16427 16447 16452 16432
760 16308 16328 16457 16437
761 16437 16457 16462 16442
762 16442 16462 16467 16447
763 16447 16467 16472 16452
764 16328 16348 16477 16457
765 16457 16477 16482 16462
766 16462 16482 16487 16467
767 16467 16487 16492 16472
768 12916 16432 17261 13045
769 13045 17261 17266 13050
770 13050 17266 17271 13055
771 13055 17271 17276 13060
772 16432 16452 17281 17261
773 17261 17281 17286 17266
774 17266 17286 17291 17271
775 17271 17291 17296 17276
776 16452 16472 17301 17281
777 17281 17301 17306 17286
778 17286 17306 17311 17291
779 17291 17311 17316 17296
780 16472 16492 17321 17301
781 17301 17321 17326 17306
782 17306 17326 17331 17311
783 17311 17331 17336 17316
784 13060 17276 17405 13189
785 13189 17405 17410 13194
786 13194 17410 17415 13199
787 13199 17415 17420 13204
788 17276 17296 17425 17405
789 17405 17425 17430 17410
790 17410 17430 17435 17415
791 17415 17435 17440 17420
792 17296 17316 17445 17425
793 17425 17445 17450 17430
794 17430 17450 17455 17435
795 17435 17455 17460 17440
796 17316 17336 17465 17445
797 17445 17465 17470 17450
798 17450 17470 17475 17455
799 17455 17475 17480 17460
800 13348 18249 18250 13349
801 13349 18250 18259 13358
802 13358 18259 18264 13363
803 13363 18264 18269 13368
804 18249 18274 18275 18250
805 18250 18275 18284 18259
806 18259 18284 18289 18264
807 18264 18289 18294 18269
808 18274 18299 18300 18275
809 18275 18300 18309 18284
810 18284 18309 18314 18289
811 18289 18314 18319 18294
812 18299 18324 18325 18300
813 18300 18325 18334 18309
814 18309 18334 18339 18314
815 18314 18339 18344 18319
816 13368 18269 18429 14213
817 14213 18429 18434 14218
818 14218 18434 18439 14223
819 14223 18439 18444 14228
820 18269 18294 18449 18429
821 18429 18449 18454 18434
822 18434 18454 18459 18439
823 18439 18459 18464 18444
824 18294 18319 18469 18449
825 18449 18469 18474 18454
826 18454 18474 18479 18459
827 18459 18479 18484 18464
828 18319 18344 18489 18469
829 18469 18489 18494 18474
830 18474 18494 18499 18479
831 18479 18499 18504 18484
832 14228 18444 18573 14357
833 14357 18573 18578 14362
834 14362 18578 18583 14367
835 14367 18583 18588 14372
836 18444 18464 18593 18573
837 18573 18593 18598 18578
838 18578 18598 18603 18583
839 18583 18603 18608 18588
840 18464 18484 18613 18593
841 18593 18613 18618 18598
842 18598 18618 18623 18603
843 18603 18623 18628 18608
844 18484 18504 18633 18613
845 18613 18633 18638 18618
846 18618 18638 18643 18623
847 18623 18643 18648 18628
848 14372 18588 18717 15201
849 15201 18717 18722 15206
850 15206 18722 18727 15211
851 15211 18727 18732 15216
852 18588 18608 18737 18717
853 18717 18737 18742 18722
854 18722 18742 18747 18727
855 18727 18747 18752 18732
856 18608 18628 18757 18737
857 18737 18757 18762 18742
858 18742 18762 18767 18747
859 18747 18767 18772 18752
860 18628 18648 18777 18757
861 18757 18777 18782 18762
862 18762 18782 18787 18767
863 18767 18787 18792 18772
864 15216 18732 18861 15345
865 15345 18861 18866 15350
866 15350 18866 18871 15355
867 15355 18871 18876 15360
868 18732 18752 18881 18861
869 18861 18881 18886 18866
870 18866 18886 18891 18871
871 18871 18891 18896 18876
872 18752 18772 18901 18881
873 18881 18901 18906 18886
874 18886 18906 18911 18891
875 18891 18911 18916 18896
876 18772 18792 18921 18901
877 18901 18921 18926 18906
878 18906 18926 18931 18911
879 18911 18931 18936 18916
880 15360 18876 19005 16189
881 16189 19005 19010 16194
882 16194 19010 19015 16199
883 16199 19015 19020 16204
884 18876 18896 19025 19005
885 19005 19025 19030 19010
886 19010 19030 19035 19015
887 19015 19035 19040 19020
888 18896 18916 19045 19025
889 19025 19045 19050 19030
890 19030 19050 19055 19035
891 19035 19055 19060 19040
892 18916 18936 19065 19045
893 19045 19065 19070 19050
894 19050 19070 19075 19055
895 19055 19075 19080 19060
896 16204 19020 19149 16333
897 16333 19149 19154 16338
898 16338 19154 19159 16343
899 16343 19159 19164 16348
900 19020 19040 19169 19149
901 19149 19169 19174 19154
902 19154 19174 19179 19159
903 19159 19179 19184 19164
904 19040 19060 19189 19169
905 19169 19189 19194 19174
906 19174 19194 19199 19179
907 19179 19199 19204 19184
908 19060 19080 19209 19189
909 19189 19209 19214 19194
910 19194 19214 19219 19199
911 19199 19219 19224 19204
912 16348 19164 19293 16477
913 16477 19293 19298 16482
914 16482 19298 19303 16487
915 16487 19303 19308 16492
916 19164 19184 19313 19293
917 19293 19313 19318 19298
918 19298 19318 19323 19303
919 19303 19323 19328 19308
920 19184 19204 19333 19313
921 19313 19333 19338 19318
922 19318 19338 19343 19323
923 19323 19343 19348 19328
924 19204 19224 19353 19333
925 19333 19353 19358 19338
926 19338 19358 19363 19343
927 19343 19363 19368 19348
928 16492 19308 19437 17321
929 17321 19437 19442 17326
930 17326 19442 19447 17331
931 17331 19447 19452 17336
932 19308 19328 19457 19437
933 19437 19457 19462 19442
934 19442 19462 19467 19447
935 19447 19467 19472 19452
936 19328 19348 19477 19457
937 19457 19477 19482 19462
938 19462 19482 19487 19467
939 19467 19487 19492 19472
940 19348 19368 19497 19477
941 19477 19497 19502 19482
942 19482 19502 19507 19487
943 19487 19507 19512 19492
944 17336 19452 19581 17465
945 17465 19581 19586 17470
946 17470 19586 19591 17475
947 17475 19591 19596 17480
948 19452 19472 19601 19581
949 19581 19601 19606 19586
950 19586 19606 19611 19591
951 19591 19611 19616 19596
952 19472 19492 19621 19601
953 19601 19621 19626 19606
954 19606 19626 19631 19611
955 19611 19631 19636 19616
956 19492 19512 19641 19621
957 19621 19641 19646 19626
958 19626 19646 19651 19631
959 19631 19651 19656 19636
960 18324 19725 19726 18325
961 18325 19726 19735 18334
962 18334 19735 19740 18339
963 18339 19740 19745 18344
964 19725 19750 19751 19726
965 19726 19751 19760 19735
966 19735 19760 19765 19740
967 19740 19765 19770 19745
968 19750 19775 19776 19751
969 19751 19776 19785 19760
970 19760 19785 19790 19765
971 19765 19790 19795 19770
972 19775 19800 19801 19776
973 19776 19801 19810 19785
974 19785 19810 19815 19790
975 19790 19815 19820 19795
976 18344 19745 19905 18489
977 18489 19905 19910 18494
978 18494 19910 19915 18499
979 18499 19915 19920 18504
980 19745 19770 19925 19905
981 19905 19925 19930 19910
982 19910 19930 19935 19915
983 19915 19935 19940 19920
984 19770 19795 19945 19925
985 19925 19945 19950 19930
986 19930 19950 19955 19935
987 19935 19955 19960 19940
988 19795 19820 19965 19945
989 19945 19965 19970 19950
990 19950 19970 19975 19955
991 19955 19975 19980 19960
992 18504 19920 20049 18633
993 18633 20049 20054 18638
994 18638 20054 20059 18643
995 18643 20059 20064 18648
996 19920 19940 20069 20049
997 20049 20069 20074 20054
998 20054 20074 20079 20059
999 20059 20079 20084 20064
1000 19940 19960 20089 20069
1001 20069 20089 20094 20074
1002 20074 20094 20099 20079
1003 20079 20099 20104 20084
1004 19960 19980 20109 20089
1005 20089 20109 20114 20094
1006 20094 20114 20119 20099
1007 20099 20119 20124 20104
1008 18648 20064 20193 18777
1009 18777 20193 20198 18782
1010 18782 20198 20203 18787
1011 18787 20203 20208 18792
1012 20064 20084 20213 20193
1013 20193 20213 20218 20198
1014 20198 20218 20223 20203
1015 20203 20223 20228 20208
1016 20084 20104 20233 20213
1017 20213 20233 20238 20218
1018 20218 20238 20243 20223
1019 20223 20243 20248 20228
1020 20104 20124 20253 20233
1021 20233 20253 20258 20238
1022 20238 20258 20263 20243
1023 20243 20263 20268 20248
1024 18792 20208 20337 18921
1025 18921 20337 20342 18926
1026 18926 20342 20347 18931
1027 18931 20347 20352 18936
1028 20208 20228 20357 20337
1029 20337 20357 20362 20342
1030 20342 20362 20367 20347
1031 20347 20367 20372 20352
1032 20228 20248 20377 20357
1033 20357 20377 20382 20362
1034 20362 20382 20387 20367
1035 20367 20387 20392 20372
1036 20248 20268 20397 20377
1037 20377 20397 20402 20382
1038 20382 20402 20407 20387
1039 20387 20407 20412 20392
1040 18936 20352 20481 19065
1041 19065 20481 20486 19070
1042 19070 20486 20491 19075
1043 19075 20491 20496 19080
1044 20352 20372 20501 20481
1045 20481 20501 20506 20486
1046 20486 20506 20511 20491
1047 20491 20511 20516 20496
1048 20372 20392 20521 20501
1049 20501 20521 20526 20506
1050 20506 20526 20531 20511
1051 20511 20531 20536 20516
1052 20392 20412 20541 20521
1053 20521 20541 20546 20526
1054 20526 20546 20551 20531
1055 20531 20551 20556 20536
1056 19080 20496 20625 19209
1057 19209 20625 20630 19214
1058 19214 20630 20635 19219
1059 19219 20635 20640 19224
1060 20496 20516 20645 20625
1061 20625 20645 20650 20630
1062 20630 20650 20655 20635
1063 20635 20655 20660 20640
1064 20516 20536 20665 20645
1065 20645 20665 20670 20650
1066 20650 20670 20675 20655
1067 20655 20675 20680 20660
1068 20536 20556 20685 20665
1069 20665 20685 20690 20670
1070 20670 20690 20695 20675
1071 20675 20695 20700 20680
1072 19224 20640 20769 19353
1073 19353 20769 20774 19358
1074 19358 20774 20779 19363
1075 19363 20779 20784 19368
1076 20640 20660 20789 20769
1077 20769 20789 20794 20774
1078 20774 20794 20799 20779
1079 20779 20799 20804 20784
1080 20660 20680 20809 20789
1081 20789 20809 20814 20794
1082 20794 20814 20819 20799
1083 20799 20819 20824 20804
1084 20680 20700 20829 20809
1085 20809 20829 20834 20814
1086 20814 20834 20839 20819
1087 20819 20839 20844 20824
1088 19368 20784 20913 19497
1089 19497 20913 20918 19502
1090 19502 20918 20923 19507
1091 19507 20923 20928 19512
1092 20784 20804 20933 20913
1093 20913 20933 20938 20918
1094 20918 20938 20943 20923
1095 20923 20943 20948 20928
1096 20804 20824 20953 20933
1097 20933 20953 20958 20938
1098 20938 20958 20963 20943
1099 20943 20963 20968 20948
1100 20824 20844 20973 20953
1101 20953 20973 20978 20958
1102 20958 20978 20983 20963
1103 20963 20983 20988 20968
1104 19512 20928 21057 19641
1105 19641 21057 21062 19646
1106 19646 21062 21067 19651
1107 19651 21067 21072 19656
1108 20928 20948 21077 21057
1109 21057 21077 21082 21062
1110 21062 21082 21087 21067
1111 21067 21087 21092 21072
1112 20948 20968 21097 21077
1113 21077 21097 21102 21082
1114 21082 21102 21107 21087
1115 21087 21107 21112 21092
1116 20968 20988 21117 21097
1117 21097 21117 21122 21102
1118 21102 21122 21127 21107
1119 21107 21127 21132 21112
1120 19800 21201 21202 19801
1121 19801 21202 21211 19810
1122 19810 21211 21216 19815
1123 19815 21216 21221 19820
1124 21201 21226 21227 21202
1125 21202 21227 21236 21211
1126 21211 21236 21241 21216
1127 21216 21241 21246 21221
1128 21226 21251 21252 21227
1129 21227 21252 21261 21236
1130 21236 21261 21266 21241
1131 21241 21266 21271 21246
1132 21251 21276 21277 21252
1133 21252 21277 21286 21261
1134 21261 21286 21291 21266
1135 21266 21291 21296 21271
1136 19820 21221 22081 19965
1137 19965 22081 22086 19970
1138 19970 22086 22091 19975
1139 19975 22091 22096 19980
1140 21221 21246 22101 22081
1141 22081 22101 22106 22086
1142 22086 22106 22111 22091
1143 22091 22111 22116 22096
1144 21246 21271 22121 22101
1145 22101 22121 22126 22106
1146 22106 22126 22131 22111
1147 22111 22131 22136 22116
1148 21271 21296 22141 22121
1149 22121 22141 22146 22126
1150 22126 22146 22151 22131
1151 22131 22151 22156 22136
1152 19980 22096 22225 20109
1153 20109 22225 22230 20114
1154 20114 22230 22235 20119
1155 20119 22235 22240 20124
1156 22096 22116 22245 22225
1157 22225 22245 22250 22230
1158 22230 22250 22255 22235
1159 22235 22255 22260 22240
1160 22116 22136 22265 22245
1161 22245 22265 22270 22250
1162 22250 22270 22275 22255
1163 22255 22275 22280 22260
1164 22136 22156 22285 22265
1165 22265 22285 22290 22270
1166 22270 22290 22295 22275
1167 22275 22295 22300 22280
1168 20124 22240 23069 20253
1169 20253 23069 23074 20258
1170 20258 23074 23079 20263
1171 20263 23079 23084 20268
1172 22240 22260 23089 23069
1173 23069 23089 23094 23074
1174 23074 23094 23099 23079
1175 23079 23099 23104 23084
1176 22260 22280 23109 23089
1177 23089 23109 23114 23094
1178 23094 23114 23119 23099
1179 23099 23119 23124 23104
1180 22280 22300 23129 23109
1181 23109 23129 23134 23114
1182 23114 23134 23139 23119
1183 23119 23139 23144 23124
1184 20268 23084 23213 20397
1185 20397 23213 23218 20402
1186 20402 23218 23223 20407
1187 20407 23223 23228 20412
1188 23084 23104 23233 23213
1189 23213 23233 23238 23218
1190 23218 23238 23243 23223
1191 23223 23243 23248 23228
1192 23104 23124 23253 23233
1193 23233 23253 23258 23238
1194 23238 23258 23263 23243
1195 23243 23263 23268 23248
1196 23124 23144 23273 23253
1197 23253 23273 23278 23258
1198 23258 23278 23283 23263
1199 23263 23283 23288 23268
1200 20412 23228 24057 20541
1201 20541 24057 24062 20546
1202 20546 24062 24067 20551
1203 20551 24067 24072 20556
1204 23228 23248 24077 24057
1205 24057 24077 24082 24062
1206 24062 24082 24087 24067
1207 24067 24087 24092 24072
1208 23248 23268 24097 24077
1209 24077 24097 24102 24082
1210 24082 24102 24107 24087
1211 24087 24107 24112 24092
1212 23268 23288 24117 24097
1213 24097 24117 24122 24102
1214 24102 24122 24127 24107
1215 24107 24127 24132 24112
1216 20556 24072 24201 20685
1217 20685 24201 24206 20690
1218 20690 24206 24211 20695
1219 20695 24211 24216 20700
1220 24072 24092 24221 24201
1221 24201 24221 24226 24206
1222 24206 24226 24231 24211
1223 24211 24231 24236 24216
1224 24092 24112 24241 24221
1225 24221 24241 24246 24226
1226 24226 24246 24251 24231
1227 24231 24251 24256 24236
1228 24112 24132 24261 24241
1229 24241 24261 24266 24246
1230 24246 24266 24271 24251
1231 24251 24271 24276 24256
1232 20700 24216 24345 20829
1233 20829 24345 24350 20834
1234 20834 24350 24355 20839
1235 20839 24355 24360 20844
1236 24216 24236 24365 24345
1237 24345 24365 24370 24350
1238 24350 24370 24375 24355
1239 24355 24375 24380 24360
1240 24236 24256 24385 24365
1241 24365 24385 24390 24370
1242 24370 24390 24395 24375
1243 24375 24395 24400 24380
1244 24256 24276 24405 24385
1245 24385 24405 24410 24390
1246 24390 24410 24415 24395
1247 24395 24415 24420 24400
1248 20844 24360 25189 20973
1249 20973 25189 25194 20978
1250 20978 25194 25199 20983
1251 20983 25199 25204 20988
1252 24360 24380 25209 25189
1253 25189 25209 25214 25194
1254 25194 25214 25219 25199
1255 25199 25219 25224 25204
1256 24380 24400 25229 25209
1257 25209 25229 25234 25214
1258 25214 25234 25239 25219
1259 25219 25239 25244 25224
1260 24400 24420 25249 25229
1261 25229 25249 25254 25234
1262 25234 25254 25259 25239
1263 25239 25259 25264 25244
1264 20988 25204 25333 21117
1265 21117 25333 25338 21122
1266 21122 25338 25343 21127
1267 21127 25343 25348 21132
1268 25204 25224 25353 25333
1269 25333 25353 25358 25338
1270 25338 25358 25363 25343
1271 25343 25363 25368 25348
1272 25224 25244 25373 25353
1273 25353 25373 25378 25358
1274 25358 25378 25383 25363
1275 25363 25383 25388 25368
1276 25244 25264 25393 25373
1277 25373 25393 25398 25378
1278 25378 25398 25403 25383
1279 25383 25403 25408 25388
1280 21276 26177 26178 21277
1281 21277 26178 26187 21286
1282 21286 26187 26192 21291
1283 21291 26192 26197 21296
1284 26177 26202 26203 26178
1285 26178 26203 26212 26187
1286 26187 26212 26217 26192
1287 26192 26217 26222 26197
1288 26202 26227 26228 26203
1289 26203 26228 26237 26212
1290 26212 26237 26242 26217
1291 26217 26242 26247 26222
1292 26227 26252 26253 26228
1293 26228 26253 26262 26237
1294 26237 26262 26267 26242
1295 26242 26267 26272 26247
1296 21296 26197 26357 22141
1297 22141 26357 26362 22146
1298 22146 26362 26367 22151
1299 22151 26367 26372 22156
1300 26197 26222 26377 26357
1301 26357 26377 26382 26362
1302 26362 26382 26387 26367
1303 26367 26387 26392 26372
1304 26222 26247 26397 26377
1305 26377 26397 26402 26382
1306 26382 26402 26407 26387
1307 26387 26407 26412 26392
1308 26247 26272 26417 26397
1309 26397 26417 26422 26402
1310 26402 26422 26427 26407
1311 26407 26427 26432 26412
1312 22156 26372 26501 22285
1313 22285 26501 26506 22290
1314 22290 26506 26511 22295
1315 22295 26511 26516 22300
1316 26372 26392 26521 26501
1317 26501 26521 26526 26506
1318 26506 26526 26531 26511
1319 26511 26531 26536 26516
1320 26392 26412 26541 26521
1321 26521 26541 26546 26526
1322 26526 26546 26551 26531
1323 26531 26551 26556 26536
1324 26412 26432 26561 26541
1325 26541 26561 26566 26546
1326 26546 26566 26571 26551
1327 26551 26571 26576 26556
1328 22300 26516 26645 23129
1329 23129 26645 26650 23134
1330 23134 26650 26655 23139
1331 23139 26655 26660 23144
1332 26516 26536 26665 26645
1333 26645 26665 26670 26650
1334 26650 26670 26675 26655
1335 26655 26675 26680 26660
1336 26536 26556 26685 26665
1337 26665 26685 26690 26670
1338 26670 26690 26695 26675
1339 26675 26695 26700 26680
1340 26556 26576 26705 26685
1341 26685 26705 26710 26690
1342 26690 26710 26715 26695
1343 26695 26715 26720 26700
1344 23144 26660 26789 23273
1345 23273 26789 26794 23278
1346 23278 26794 26799 23283
1347 23283 26799 26804 23288
1348 26660 26680 26809 26789
1349 26789 26809 26814 26794
1350 26794 26814 26819 26799
1351 26799 26819 26824 26804
1352 26680 26700 26829 26809
1353 26809 26829 26834 26814
1354 26814 26834 26839 26819
1355 26819 26839 26844 26824
1356 26700 26720 26849 26829
1357 26829 26849 26854 26834
1358 26834 26854 26859 26839
1359 26839 26859 26864 26844
1360 23288 26804 26933 24117
1361 24117 26933 26938 24122
1362 24122 26938 26943 24127
1363 24127 26943 26948 24132
1364 26804 26824 26953 26933
1365 26933 26953 26958 26938
1366 26938 26958 26963 26943
1367 26943 26963 26968 26948
1368 26824 26844 26973 26953
1369 26953 26973 26978 26958
1370 26958 26978 26983 26963
1371 26963 26983 26988 26968
1372 26844 26864 26993 26973
1373 26973 26993 26998 26978
1374 26978 26998 27003 26983
1375 26983 27003 27008 26988
1376 24132 26948 27077 24261
1377 24261 27077 27082 24266
1378 24266 27082 27087 24271
1379 24271 27087 27092 24276
1380 26948 26968 27097 27077
1381 27077 27097 27102 27082
1382 27082 27102 27107 27087
1383 27087 27107 27112 27092
1384 26968 26988 27117 27097
1385 27097 27117 27122 27102
1386 27102 27122 27127 27107
1387 27107 27127 27132 27112
1388 26988 27008 27137 27117
1389 27117 27137 27142 27122
1390 27122 27142 27147 27127
1391 27127 27147 27152 27132
1392 24276 27092 27221 24405
1393 24405 27221 27226 24410
1394 24410 27226 27231 24415
1395 24415 27231 27236 24420
1396 27092 27112 27241 27221
1397 27221 27241 27246 27226
1398 27226 27246 27251 27231
1399 27231 27251 27256 27236
1400 27112 27132 27261 27241
1401 27241 27261 27266 27246
1402 27246 27266 27271 27251
1403 27251 27271 27276 27256
1404 27132 27152 27281 27261
1405 27261 27281 27286 27266
1406 27266 27286 27291 27271
1407 27271 27291 27296 27276
1408 24420 27236 27365 25249
1409 25249 27365 27370 25254
1410 25254 27370 27375 25259
1411 25259 27375 27380 25264
1412 27236 27256 27385 27365
1413 27365 27385 27390 27370
1414 27370 27390 27395 27375
1415 27375 27395 27400 27380
1416 27256 27276 27405 27385
1417 27385 27405 27410 27390
1418 27390 27410 27415 27395
1419 27395 27415 27420 27400
1420 27276 27296 27425 27405
1421 27405 27425 27430 27410
1422 27410 27430 27435 27415
1423 27415 27435 27440 27420
1424 25264 27380 27509 25393
1425 25393 27509 27514 25398
1426 25398 27514 27519 25403
1427 25403 27519 27524 25408
1428 27380 27400 27529 27509
1429 27509 27529 27534 27514
1430 27514 27534 27539 27519
1431 27519 27539 27544 27524
1432 27400 27420 27549 27529
1433 27529 27549 27554 27534
1434 27534 27554 27559 27539
1435 27539 27559 27564 27544
1436 27420 27440 27569 27549
1437 27549 27569 27574 27554
1438 27554 27574 27579 27559
1439 27559 27579 27584 27564
1440 26252 27653 27654 26253
1441 26253 27654 27663 26262
1442 26262 27663 27668 26267
1443 26267 27668 27673 26272
1444 27653 27678 27679 27654
1445 27654 27679 27688 27663
1446 27663 27688 27693 27668
1447 27668 27693 27698 27673
1448 27678 27703 27704 27679
1449 27679 27704 27713 27688
1450 27688 27713 27718 27693
1451 27693 27718 27723 27698
1452 27703 27728 27729 27704
1453 27704 27729 27738 27713
1454 27713 27738 27743 27718
1455 27718 27743 27748 27723
1456 26272 27673 28533 26417
1457 26417 28533 28538 26422
1458 26422 28538 28543 26427
1459 26427 28543 28548 26432
1460 27673 27698 28553 28533
1461 28533 28553 28558 28538
1462 28538 28558 28563 28543
1463 28543 28563 28568 28548
1464 27698 27723 28573 28553
1465 28553 28573 28578 28558
1466 28558 28578 28583 28563
1467 28563 28583 28588 28568
1468 27723 27748 28593 28573
1469 28573 28593 28598 28578
1470 28578 28598 28603 28583
1471 28583 28603 28608 28588
1472 26432 28548 28677 26561
1473 26561 28677 28682 26566
1474 26566 28682 28687 26571
1475 26571 28687 28692 26576
1476 28548 28568 28697 28677
1477 28677 28697 28702 28682
1478 28682 28702 28707 28687
1479 28687 28707 28712 28692
1480 28568 28588 28717 28697
1481 28697 28717 28722 28702
1482 28702 28722 28727 28707
1483 28707 28727 28732 28712
1484 28588 28608 28737 28717
1485 28717 28737 28742 28722
1486 28722 28742 28747 28727
1487 28727 28747 28752 28732
1488 26576 28692 29521 26705
1489 26705 29521 29526 26710
1490 26710 29526 29531 26715
1491 26715 29531 29536 26720
1492 28692 28712 29541 29521
1493 29521 29541 29546 29526
1494 29526 29546 29551 29531
1495 29531 29551 29556 29536
1496 28712 28732 29561 29541
1497 29541 29561 29566 29546
1498 29546 29566 29571 29551
1499 29551 29571 29576 29556
1500 28732 28752 29581 29561
1501 29561 29581 29586 29566
1502 29566 29586 29591 29571
1503 29571 29591 29596 29576
1504 26720 29536 29665 26849
1505 26849 29665 29670 26854
1506 26854 29670 29675 26859
1507 26859 29675 29680 26864
1508 29536 29556 29685 29665
1509 29665 29685 29690 29670
1510 29670 29690 29695 29675
1511 29675 29695 29700 29680
1512 29556 29576 29705 29685
1513 29685 29705 29710 29690
1514 29690 29710 29715 29695
1515 29695 29715 29720 29700
1516 29576 29596 29725 29705
1517 29705 29725 29730 29710
1518 29710 29730 29735 29715
1519 29715 29735 29740 29720
1520 26864 29680 30509 26993
1521 26993 30509 30514 26998
1522 26998 30514 30519 27003
1523 27003 30519 30524 27008
1524 29680 29700 30529 30509
1525 30509 30529 30534 30514
1526 30514 30534 30539 30519
1527 30519 30539 30544 30524
1528 29700 29720 30549 30529
1529 30529 30549 30554 30534
1530 30534 30554 30559 30539
1531 30539 30559 30564 30544
1532 29720 29740 30569 30549
1533 30549 30569 30574 30554
1534 30554 30574 30579 30559
1535 30559 30579 30584 30564
1536 27008 30524 30653 27137
1537 27137 30653 30658 27142
1538 27142 30658 30663 27147
1539 27147 30663 30668 27152
1540 30524 30544 30673 30653
1541 30653 30673 30678 30658
1542 30658 30678 30683 30663
1543 30663 30683 30688 30668
1544 30544 30564 30693 30673
1545 30673 30693 30698 30678
1546 30678 30698 30703 30683
1547 30683 30703 30708 30688
1548 30564 30584 30713 30693
1549 30693 30713 30718 30698
1550 30698 30718 30723 30703
1551 30703 30723 30728 30708
1552 27152 30668 30797 27281
1553 27281 30797 30802 27286
1554 27286 30802 30807 27291
1555 27291 30807 30812 27296
1556 30668 30688 30817 30797
1557 30797 30817 30822 30802
1558 30802 30822 30827 30807
1559 30807 30827 30832 30812
1560 30688 30708 30837 30817
1561 30817 30837 30842 30822
1562 30822 30842 30847 30827
1563 30827 30847 30852 30832
1564 30708 30728 30857 30837
1565 30837 30857 30862 30842
1566 30842 30862 30867 30847
1567 30847 30867 30872 30852
1568 27296 30812 31641 27425
1569 27425 31641 31646 27430
1570 27430 31646 31651 27435
1571 27435 31651 31656 27440
1572 30812 30832 31661 31641
1573 31641 31661 31666 31646
1574 31646 31666 31671 31651
1575 31651 31671 31676 31656
1576 30832 30852 31681 31661
1577 31661 31681 31686 31666
1578 31666 31686 31691 31671
1579 31671 31691 31696 31676
1580 30852 30872 31701 31681
1581 31681 31701 31706 31686
1582 31686 31706 31711 31691
1583 31691 31711 31716 31696
1584 27440 31656 31785 27569
1585 27569 31785 31790 27574
1586 27574 31790 31795 27579
1587 27579 31795 31800 27584
1588 31656 31676 31805 31785
1589 31785 31805 31810 31790
1590 31790 31810 31815 31795
1591 31795 31815 31820 31800
1592 31676 31696 31825 31805
1593 31805 31825 31830 31810
1594 31810 31830 31835 31815
1595 31815 31835 31840 31820
1596 31696 31716 31845 31825
1597 31825 31845 31850 31830
1598 31830 31850 31855 31835
1599 31835 31855 31860 31840
